2
4
9
18
20
24
35
47
55
85
85
93
110
111
124
129
155
187
189
193
197
203
214
216
225
229
239
255
257
264
267
272
275
286
295
319
327
328
349
358
364
371
395
408
425
454
455
456
464
468
479
479
480
480
494
503
508
512
528
530
536
546
574
579
587
589
609
609
616
622
624
631
651
658
660
667
668
674
694
714
726
740
763
763
768
772
774
797
798
800
828
841
850
864
867
868
877
880
886
908
917
923
939
960
974
997
1003
1003
1007
1020
1025
1049
1074
1100
1105
1130
1132
1139
1159
1164
1168
1169
1172
1176
1190
1202
1205
1211
1233
1254
1256
1261
1263
1290
1305
1316
1317
1323
1335
1337
1345
1350
1384
1410
1425
1438
1447
1450
1456
1458
1465
1467
1468
1474
1480
1480
1483
1518
1580
1582
1589
1594
1596
1601
1605
1613
1615
1616
1616
1625
1636
1662
1674
1685
1687
1698
1708
1708
1720
1721
1746
1749
1782
1786
1787
1846
1848
1848
1858
1866
1867
1878
1898
1921
1930
1936
1938
1939
1942
1969
1981
1996
2011
2023
2034
2040
2044
2052
2054
2083
2098
2114
2115
2116
2120
2124
2138
2139
2156
2169
2193
2202
2215
2226
2244
2244
2283
2306
2316
2317
2333
2335
2339
2354
2356
2372
2376
2379
2391
2400
2407
2411
2421
2424
2441
2459
2468
2470
2482
2488
2500
2500
2515
2521
2527
2545
2603
2619
2625
2630
2637
2646
2657
2681
2684
2688
2696
2703
2709
2713
2715
2719
2753
2758
2764
2797
2821
2826
2826
2831
2834
2840
2843
2868
2874
2883
2890
2890
2901
2905
2909
2919
2923
2933
2934
2944
2958
2974
2980
2990
2994
3019
3039
3078
3114
3121
3131
3136
3141
3145
3146
3147
3163
3165
3184
3191
3191
3194
3227
3230
3246
3248
3254
3257
3258
3281
3281
3285
3295
3296
3303
3319
3333
3341
3363
3381
3384
3393
3410
3411
3420
3427
3429
3430
3432
3444
3458
3459
3462
3466
3490
3497
3519
3525
3525
3532
3533
3571
3577
3591
3631
3639
3664
3677
3678
3715
3718
3728
3729
3736
3742
3757
3762
3764
3773
3775
3806
3818
3818
3834
3878
3886
3889
3895
3896
3906
3927
3927
3940
3974
3982
3983
3990
3995
3997
4004
4008
4016
4025
4033
4045
4049
4074
4078
4094
4097
4098
4110
4124
4127
4138
4138
4140
4150
4178
4180
4195
4206
4207
4212
4213
4227
4227
4231
4267
4268
4275
4282
4284
4295
4298
4309
4310
4311
4333
4359
4368
4381
4393
4408
4416
4423
4436
4460
4494
4499
4501
4507
4507
4510
4519
4533
4543
4546
4549
4557
4589
4590
4591
4603
4604
4620
4643
4653
4662
4662
4695
4728
4745
4747
4751
4781
4782
4789
4800
4804
4808
4809
4815
4815
4821
4823
4824
4852
4865
4872
4933
4936
4947
4952
4962
4972
4975
4977
4985
5003
5015
5016
5017
5036
5047
5052
5060
5085
5095
5109
5116
5134
5142
5143
5148
5154
5156
5167
5167
5177
5182
5184
5189
5192
5200
5203
5204
5211
5212
5220
5226
5228
5234
5249
5294
5296
5302
5309
5315
5317
5319
5328
5333
5368
5382
5383
5394
5405
5408
5414
5419
5425
5468
5472
5476
5482
5489
5489
5524
5535
5554
5576
5585
5613
5634
5653
5670
5691
5697
5724
5730
5734
5743
5750
5763
5765
5767
5773
5774
5782
5785
5802
5804
5816
5820
5832
5852
5870
5874
5880
5881
5914
5953
5957
5966
5981
5987
5989
5991
5998
6000
6012
6017
6044
6053
6058
6097
6102
6103
6105
6108
6114
6115
6118
6123
6127
6139
6143
6155
6157
6163
6176
6183
6190
6218
6233
6233
6251
6262
6263
6269
6304
6322
6323
6331
6337
6353
6353
6360
6376
6388
6396
6414
6417
6424
6424
6427
6434
6439
6452
6457
6459
6468
6469
6487
6490
6494
6495
6508
6511
6538
6552
6558
6566
6567
6571
6584
6587
6588
6592
6593
6605
6606
6640
6659
6659
6667
6670
6685
6717
6771
6772
6772
6772
6799
6816
6817
6829
6831
6835
6863
6868
6871
6876
6877
6885
6899
6907
6915
6916
6937
6942
6973
6973
6992
7000
7007
7008
7010
7022
7060
7062
7069
7070
7070
7086
7108
7119
7167
7180
7182
7193
7225
7231
7233
7234
7246
7259
7263
7267
7271
7281
7282
7283
7286
7290
7293
7306
7317
7328
7329
7332
7336
7336
7337
7352
7355
7363
7383
7390
7412
7414
7417
7427
7483
7487
7509
7537
7544
7548
7549
7558
7570
7588
7595
7608
7611
7611
7616
7640
7640
7669
7681
7690
7707
7710
7721
7741
7744
7744
7750
7757
7766
7798
7821
7826
7827
7829
7845
7862
7865
7875
7894
7900
7906
7908
7908
7914
7940
7947
7949
7960
7965
7979
7979
7992
8007
8019
8029
8051
8059
8082
8085
8085
8111
8120
8120
8148
8162
8172
8175
8184
8194
8212
8215
8219
8231
8250
8251
8256
8273
8274
8281
8287
8304
8319
8346
8352
8366
8366
8369
8380
8405
8407
8408
8414
8435
8456
8469
8494
8504
8532
8552
8554
8561
8581
8582
8595
8637
8639
8655
8656
8672
8677
8679
8700
8710
8717
8726
8737
8753
8768
8769
8790
8796
8808
8819
8828
8856
8869
8885
8894
8900
8900
8912
8918
8928
8954
8958
8976
8997
9010
9011
9011
9019
9024
9025
9047
9055
9065
9079
9089
9090
9090
9092
9096
9097
9099
9100
9112
9113
9118
9119
9125
9131
9153
9159
9162
9163
9164
9189
9199
9231
9240
9243
9251
9255
9265
9268
9275
9287
9338
9344
9347
9357
9360
9363
9369
9375
9379
9388
9392
9399
9402
9404
9416
9417
9418
9429
9441
9451
9473
9477
9482
9486
9490
9498
9500
9504
9504
9504
9514
9518
9519
9523
9541
9543
9550
9554
9554
9554
9585
9600
9601
9602
9604
9612
9616
9623
9646
9652
9670
9674
9682
9717
9726
9728
9763
9765
9775
9787
9788
9809
9810
9827
9833
9836
9838
9852
9860
9864
9875
9878
9886
9897
9901
9919
9933
9933
9935
9938
9971
9977
9986
9990
9999
10000
10005
10009
10012
10018
10046
10056
10068
10075
10076
10076
10083
10089
10097
10117
10140
10162
10182
10200
10200
10206
10211
10236
10237
10242
10246
10251
10253
10271
10275
10275
10280
10334
10375
10401
10406
10409
10422
10442
10457
10468
10472
10473
10477
10489
10496
10506
10508
10518
10529
10544
10558
10568
10573
10573
10574
10579
10583
10592
10593
10599
10603
10608
10616
10628
10649
10653
10653
10660
10704
10710
10715
10718
10729
10732
10741
10751
10754
10760
10761
10792
10805
10825
10835
10848
10855
10860
10873
10888
10890
10900
10903
10906
10929
10937
10937
10965
10973
10975
10976
10981
11010
11013
11015
11031
11042
11050
11082
11091
11093
11097
11122
11131
11135
11139
11143
11149
11157
11160
11171
11177
11177
11192
11201
11202
11243
11259
11264
11292
11295
11303
11327
11334
11334
11339
11343
11357
11372
11377
11394
11394
11397
11406
11406
11419
11431
11455
11469
11476
11485
11490
11502
11503
11513
11517
11542
11544
11546
11554
11557
11568
11571
11579
11607
11620
11646
11653
11659
11672
11673
11677
11689
11692
11692
11700
11713
11720
11721
11738
11738
11739
11755
11757
11758
11767
11772
11784
11786
11788
11791
11804
11811
11812
11813
11854
11874
11883
11884
11888
11902
11913
11920
11930
11945
11948
11958
11963
11968
11969
11978
11993
11994
11997
12001
12003
12007
12011
12012
12035
12045
12049
12050
12050
12067
12068
12072
12107
12110
12114
12116
12130
12135
12144
12198
12199
12201
12211
12244
12256
12266
12283
12283
12290
12314
12317
12335
12340
12386
12403
12409
12423
12437
12447
12455
12457
12466
12472
12492
12493
12507
12513
12517
12531
12534
12537
12545
12553
12561
12564
12572
12597
12599
12610
12631
12652
12653
12657
12658
12687
12687
12690
12719
12747
12750
12755
12772
12777
12785
12799
12801
12801
12812
12815
12821
12841
12859
12865
12875
12892
12897
12899
12909
12909
12912
12952
12952
12954
12956
12964
12975
12981
12988
12993
13003
13016
13019
13019
13035
13048
13058
13073
13075
13077
13103
13109
13129
13136
13151
13154
13154
13159
13168
13187
13191
13195
13224
13226
13239
13256
13265
13267
13272
13278
13286
13290
13294
13299
13302
13320
13327
13339
13390
13431
13443
13455
13461
13509
13514
13515
13527
13550
13562
13566
13597
13598
13622
13646
13677
13681
13691
13706
13712
13731
13734
13741
13746
13810
13814
13823
13825
13832
13874
13878
13897
13898
13902
13907
13910
13910
13952
13978
13979
13986
13989
13993
14001
14004
14007
14014
14023
14028
14029
14029
14032
14043
14058
14064
14064
14067
14094
14109
14110
14111
14116
14125
14141
14147
14156
14172
14180
14221
14236
14239
14240
14260
14289
14291
14315
14324
14330
14339
14342
14343
14366
14370
14371
14378
14384
14396
14413
14425
14448
14452
14484
14513
14533
14535
14556
14558
14569
14570
14580
14588
14619
14631
14652
14686
14718
14759
14759
14765
14766
14780
14782
14783
14785
14802
14805
14828
14830
14832
14838
14842
14853
14863
14871
14900
14921
14922
14932
14934
14951
14981
14988
14997
14998
15015
15019
15039
15049
15057
15063
15076
15089
15093
15102
15103
15108
15117
15145
15170
15177
15180
15183
15191
15201
15236
15254
15264
15271
15275
15283
15286
15296
15302
15304
15314
15316
15329
15332
15334
15339
15359
15383
15392
15402
15403
15416
15425
15428
15437
15446
15476
15477
15482
15488
15489
15496
15533
15533
15534
15552
15557
15562
15579
15598
15606
15609
15618
15620
15630
15633
15643
15671
15678
15681
15697
15698
15708
15716
15720
15742
15743
15751
15770
15772
15781
15805
15815
15841
15851
15858
15858
15872
15874
15878
15887
15890
15893
15896
15901
15907
15907
15914
15928
15943
15945
15946
15952
16007
16020
16023
16034
16046
16047
16051
16053
16057
16065
16105
16111
16120
16122
16126
16130
16130
16134
16145
16188
16205
16219
16224
16232
16235
16249
16257
16266
16283
16283
16298
16374
16382
16383
16393
16395
16395
16401
16413
16459
16460
16479
16499
16506
16511
16515
16518
16527
16532
16554
16556
16566
16577
16593
16602
16611
16646
16659
16660
16662
16668
16684
16686
16710
16720
16737
16738
16746
16753
16754
16769
16769
16780
16784
16791
16815
16817
16818
16822
16842
16889
16896
16908
16909
16910
16911
16918
16928
16934
16951
16954
16954
16961
16973
16982
16986
17008
17009
17027
17057
17072
17083
17084
17091
17091
17103
17105
17110
17111
17113
17114
17120
17136
17136
17142
17164
17212
17214
17222
17226
17231
17236
17239
17247
17255
17256
17283
17301
17331
17356
17361
17364
17380
17386
17392
17394
17397
17413
17421
17426
17438
17451
17463
17467
17484
17493
17505
17521
17535
17541
17553
17554
17555
17558
17563
17567
17568
17569
17577
17598
17605
17636
17670
17673
17693
17707
17715
17717
17758
17764
17766
17768
17781
17783
17815
17821
17860
17866
17889
17896
17902
17904
17905
17910
17920
17923
17928
17941
17947
17956
17961
17978
17981
17997
18019
18028
18047
18050
18061
18064
18070
18072
18073
18105
18105
18110
18121
18128
18150
18154
18155
18157
18159
18174
18193
18201
18211
18238
18258
18277
18291
18301
18305
18307
18311
18311
18312
18315
18321
18323
18329
18362
18374
18382
18404
18423
18451
18474
18475
18477
18495
18508
18516
18523
18536
18540
18572
18587
18588
18613
18616
18621
18633
18647
18657
18666
18666
18669
18672
18681
18691
18697
18698
18703
18720
18725
18728
18748
18756
18765
18773
18775
18777
18785
18814
18841
18894
18903
18927
18937
18938
18938
18957
18961
19015
19016
19040
19072
19081
19089
19099
19104
19105
19105
19107
19116
19119
19123
19126
19134
19146
19150
19190
19220
19228
19230
19241
19254
19265
19273
19291
19294
19296
19298
19342
19345
19365
19371
19376
19377
19381
19386
19395
19411
19416
19439
19458
19463
19464
19466
19496
19507
19514
19524
19527
19530
19537
19546
19548
19552
19552
19552
19559
19570
19573
19584
19590
19590
19591
19605
19613
19636
19652
19653
19655
19667
19688
19692
19725
19729
19738
19747
19754
19757
19758
19768
19772
19776
19784
19787
19810
19815
19816
19816
19833
19845
19853
19857
19860
19867
19875
19909
19933
19939
19940
19961
19968
19973
19979
19982
19986
19990
19993
19999
20008
20010
20032
20041
20088
20107
20109
20117
20131
20131
20142
20146
20147
20147
20147
20161
20166
20175
20183
20189
20211
20243
20245
20249
20253
20253
20256
20276
20276
20309
20338
20365
20373
20373
20377
20384
20394
20395
20409
20410
20418
20430
20439
20477
20483
20491
20496
20497
20497
20506
20519
20539
20542
20545
20546
20565
20571
20586
20610
20627
20630
20633
20638
20639
20673
20675
20676
20687
20691
20721
20723
20731
20744
20747
20753
20758
20766
20775
20782
20794
20798
20801
20810
20829
20832
20833
20855
20856
20857
20869
20870
20873
20873
20876
20898
20902
20910
20910
20926
20933
20935
20966
20968
20972
20989
20993
20998
21016
21017
21020
21028
21048
21063
21078
21078
21081
21083
21112
21124
21126
21130
21142
21143
21149
21162
21167
21181
21188
21190
21194
21194
21203
21227
21229
21233
21239
21251
21255
21284
21291
21295
21296
21298
21325
21329
21332
21351
21357
21362
21368
21381
21389
21389
21393
21397
21408
21413
21418
21420
21447
21451
21454
21457
21463
21481
21486
21490
21492
21506
21514
21516
21516
21519
21525
21528
21532
21536
21586
21587
21595
21598
21603
21625
21627
21635
21640
21652
21657
21661
21673
21673
21687
21688
21699
21706
21714
21717
21720
21721
21728
21735
21737
21753
21793
21807
21811
21842
21856
21871
21873
21875
21878
21882
21886
21921
21926
21944
21947
21948
21950
21957
21968
21971
21976
21979
21986
22008
22021
22035
22053
22059
22064
22070
22073
22075
22082
22087
22089
22109
22115
22120
22135
22140
22146
22154
22198
22214
22221
22237
22265
22272
22279
22281
22297
22304
22307
22330
22343
22348
22361
22374
22379
22385
22391
22425
22430
22434
22447
22458
22461
22480
22497
22504
22504
22510
22514
22522
22526
22536
22541
22558
22565
22581
22592
22596
22600
22606
22656
22660
22685
22690
22724
22741
22761
22765
22767
22776
22798
22799
22830
22836
22849
22854
22860
22860
22861
22884
22895
22899
22900
22910
22914
22927
22935
22936
23005
23030
23038
23046
23066
23104
23105
23107
23113
23114
23115
23139
23139
23148
23167
23172
23195
23204
23207
23209
23216
23230
23233
23262
23281
23285
23289
23293
23297
23306
23313
23313
23315
23333
23370
23373
23374
23376
23376
23377
23379
23381
23386
23388
23391
23403
23404
23404
23405
23419
23443
23445
23463
23468
23487
23493
23504
23535
23541
23545
23555
23557
23575
23575
23584
23586
23588
23591
23592
23600
23603
23606
23608
23618
23620
23638
23649
23650
23653
23660
23662
23676
23687
23709
23721
23726
23750
23756
23758
23772
23779
23780
23788
23802
23806
23807
23843
23844
23863
23872
23877
23883
23907
23908
23928
23928
23933
23936
23953
23988
23998
24002
24005
24006
24036
24040
24044
24053
24096
24129
24134
24154
24173
24182
24195
24212
24214
24216
24235
24243
24273
24287
24326
24340
24340
24367
24372
24383
24385
24400
24410
24413
24421
24425
24426
24453
24464
24472
24487
24496
24525
24528
24530
24539
24539
24543
24543
24551
24568
24573
24575
24588
24621
24623
24631
24665
24666
24681
24687
24699
24721
24722
24733
24750
24765
24786
24794
24798
24804
24822
24828
24837
24842
24845
24853
24862
24894
24910
24941
24950
24951
24953
24961
24969
24969
24981
24987
25005
25012
25015
25018
25030
25043
25060
25065
25071
25090
25092
25106
25109
25122
25129
25137
25155
25157
25165
25165
25170
25172
25179
25182
25183
25186
25191
25236
25242
25245
25257
25273
25293
25295
25297
25301
25304
25305
25312
25322
25323
25327
25339
25348
25352
25356
25373
25403
25409
25428
25443
25448
25456
25462
25463
25493
25505
25519
25553
25558
25558
25576
25589
25596
25601
25613
25615
25625
25638
25642
25645
25666
25683
25696
25704
25718
25734
25737
25738
25741
25744
25752
25754
25768
25774
25782
25797
25811
25837
25839
25848
25877
25894
25898
25900
25902
25921
25928
25932
25937
25937
25939
25954
25957
25973
25985
25992
25992
25997
26030
26045
26090
26092
26103
26115
26122
26124
26128
26140
26142
26142
26150
26165
26194
26194
26215
26218
26228
26230
26231
26233
26240
26272
26272
26279
26289
26291
26294
26303
26304
26315
26322
26330
26333
26334
26344
26346
26362
26365
26381
26393
26393
26405
26412
26415
26424
26431
26443
26459
26461
26490
26505
26513
26539
26548
26562
26580
26585
26586
26586
26587
26600
26618
26621
26624
26631
26638
26638
26644
26658
26667
26682
26683
26695
26725
26728
26741
26742
26749
26751
26754
26765
26782
26788
26802
26808
26813
26814
26837
26841
26842
26853
26856
26864
26867
26871
26873
26885
26885
26906
26907
26908
26910
26914
26930
26932
26935
26940
26941
26953
26976
26997
27025
27052
27054
27054
27063
27068
27078
27099
27100
27105
27129
27133
27137
27140
27147
27167
27175
27191
27196
27201
27204
27214
27219
27230
27230
27255
27262
27264
27272
27293
27295
27301
27308
27336
27367
27373
27377
27403
27403
27404
27411
27412
27429
27435
27443
27446
27450
27468
27469
27495
27496
27498
27500
27502
27513
27527
27530
27530
27537
27538
27544
27576
27585
27600
27605
27613
27624
27645
27653
27655
27667
27673
27678
27694
27695
27700
27704
27723
27725
27725
27729
27737
27744
27752
27777
27780
27815
27815
27846
27857
27858
27896
27921
27935
27937
27947
27961
27981
27995
28004
28044
28078
28081
28083
28096
28115
28120
28134
28138
28139
28153
28155
28174
28189
28195
28196
28198
28212
28276
28289
28298
28364
28365
28372
28372
28376
28400
28413
28417
28419
28437
28443
28448
28468
28469
28496
28498
28506
28513
28544
28548
28548
28562
28564
28572
28580
28583
28585
28606
28616
28630
28634
28635
28635
28640
28646
28649
28654
28654
28657
28659
28660
28693
28694
28700
28708
28720
28722
28743
28774
28778
28806
28818
28828
28850
28861
28868
28869
28875
28882
28885
28896
28933
28957
28970
28979
28984
28986
29000
29016
29020
29037
29040
29046
29047
29057
29062
29068
29075
29076
29078
29090
29093
29094
29096
29101
29144
29162
29164
29173
29191
29198
29203
29205
29223
29235
29244
29245
29253
29284
29300
29301
29302
29313
29331
29355
29368
29378
29382
29400
29406
29416
29420
29432
29433
29444
29448
29456
29462
29484
29502
29504
29527
29535
29539
29549
29552
29561
29597
29601
29638
29666
29670
29672
29675
29681
29714
29716
29732
29735
29735
29745
29750
29759
29762
29784
29791
29792
29795
29813
29821
29829
29835
29841
29862
29867
29886
29906
29910
29938
29957
29961
29970
29974
29977
29984
30002
30018
30040
30053
30066
30073
30090
30093
30106
30140
30140
30163
30165
30186
30189
30200
30202
30226
30227
30241
30246
30247
30248
30249
30250
30261
30272
30280
30282
30282
30290
30290
30295
30298
30301
30320
30338
30352
30359
30369
30379
30396
30400
30404
30404
30416
30432
30463
30472
30474
30482
30486
30500
30505
30511
30523
30529
30530
30550
30551
30555
30590
30593
30602
30603
30616
30619
30666
30667
30690
30705
30719
30719
30750
30756
30777
30779
30788
30790
30801
30843
30851
30857
30887
30892
30917
30919
30924
30940
30956
30957
30969
30972
30974
30984
30992
30999
31000
31031
31032
31038
31044
31044
31045
31047
31047
31052
31055
31057
31079
31094
31105
31111
31162
31166
31166
31170
31205
31208
31224
31237
31240
31256
31271
31285
31324
31338
31351
31367
31399
31406
31406
31415
31417
31425
31426
31428
31443
31445
31462
31470
31476
31486
31490
31495
31496
31502
31505
31508
31531
31532
31533
31535
31538
31572
31596
31627
31630
31641
31648
31663
31666
31697
31710
31732
31751
31754
31769
31776
31791
31793
31813
31816
31817
31817
31819
31859
31886
31888
31924
31928
31929
31940
31944
31947
31949
31954
31964
31978
31979
31983
31993
32003
32005
32019
32034
32039
32052
32055
32072
32095
32108
32124
32146
32167
32177
32184
32185
32213
32219
32226
32229
32230
32232
32245
32252
32266
32286
32305
32306
32317
32318
32321
32323
32326
32352
32394
32404
32415
32426
32445
32449
32460
32471
32474
32485
32489
32510
32526
32539
32540
32557
32572
32619
32630
32638
32658
32664
32674
32693
32699
32699
32699
32700
32702
32706
32711
32720
32723
32747
32757
32759
32771
32804
32828
32862
32863
32865
32876
32879
32890
32899
32900
32916
32918
32927
32955
32955
32968
32968
32993
32994
33005
33015
33029
33033
33057
33059
33066
33074
33079
33089
33093
33096
33096
33119
33133
33163
33169
33178
33179
33207
33208
33210
33211
33215
33219
33220
33222
33223
33223
33230
33230
33237
33270
33272
33275
33284
33325
33336
33358
33366
33387
33391
33393
33423
33442
33451
33461
33462
33470
33471
33481
33481
33482
33496
33518
33536
33537
33549
33559
33568
33568
33573
33607
33610
33619
33623
33625
33646
33647
33647
33660
33683
33691
33696
33699
33708
33711
33733
33738
33785
33814
33814
33826
33831
33833
33846
33851
33868
33869
33873
33881
33910
33921
33929
33945
33959
33974
33996
34004
34005
34021
34023
34031
34054
34061
34061
34065
34073
34078
34085
34108
34111
34119
34122
34124
34131
34135
34142
34142
34156
34175
34205
34210
34213
34220
34237
34237
34243
34260
34267
34275
34334
34339
34342
34373
34375
34392
34395
34396
34420
34433
34437
34444
34457
34466
34472
34493
34505
34507
34508
34515
34528
34533
34561
34569
34579
34584
34587
34591
34599
34611
34611
34617
34635
34642
34657
34661
34664
34672
34676
34685
34690
34690
34701
34707
34710
34712
34723
34727
34728
34751
34752
34756
34759
34767
34772
34786
34808
34813
34820
34823
34841
34849
34858
34858
34862
34863
34871
34880
34891
34893
34905
34909
34936
34937
34950
34962
35009
35019
35021
35056
35056
35057
35058
35069
35085
35086
35101
35106
35112
35112
35119
35149
35166
35172
35178
35184
35194
35199
35217
35226
35234
35240
35242
35249
35252
35254
35254
35263
35268
35310
35342
35346
35359
35362
35393
35398
35407
35427
35436
35467
35470
35481
35484
35514
35523
35527
35537
35548
35548
35550
35557
35561
35562
35580
35580
35585
35589
35589
35603
35605
35619
35659
35664
35716
35718
35727
35733
35740
35743
35748
35766
35777
35796
35823
35829
35863
35873
35877
35880
35881
35909
35919
35925
35927
35928
35932
35941
35944
35948
35950
35976
35980
35984
35989
35989
35998
36002
36013
36053
36055
36073
36075
36096
36102
36106
36119
36141
36151
36162
36187
36189
36198
36209
36213
36222
36225
36225
36231
36232
36247
36283
36286
36287
36296
36307
36307
36312
36313
36322
36328
36332
36334
36340
36342
36344
36357
36364
36384
36393
36396
36409
36409
36409
36439
36442
36445
36492
36493
36495
36502
36503
36504
36506
36506
36517
36534
36544
36551
36586
36589
36590
36593
36605
36611
36623
36634
36650
36664
36665
36678
36679
36687
36694
36705
36727
36733
36740
36741
36743
36747
36753
36757
36762
36767
36782
36783
36784
36791
36802
36827
36829
36847
36854
36858
36860
36866
36870
36873
36886
36886
36908
36919
36928
36967
36979
37036
37044
37046
37065
37070
37100
37109
37112
37116
37126
37127
37134
37141
37142
37152
37164
37197
37200
37206
37252
37259
37263
37273
37302
37305
37327
37349
37350
37351
37357
37379
37386
37405
37410
37429
37446
37458
37467
37471
37482
37484
37500
37507
37522
37546
37549
37567
37577
37580
37585
37587
37593
37599
37603
37612
37613
37619
37626
37628
37644
37647
37651
37665
37667
37677
37679
37684
37690
37705
37709
37711
37726
37729
37731
37744
37750
37753
37772
37774
37798
37809
37817
37820
37829
37840
37840
37846
37875
37876
37877
37877
37878
37884
37900
37904
37913
37916
37921
37922
37973
37978
37983
37988
37989
37989
37994
37999
38014
38022
38023
38031
38038
38039
38040
38046
38050
38064
38065
38081
38092
38111
38111
38130
38133
38142
38147
38159
38163
38197
38219
38219
38226
38235
38236
38258
38259
38259
38268
38272
38283
38291
38306
38321
38343
38357
38369
38373
38384
38404
38425
38437
38440
38460
38462
38485
38492
38498
38516
38517
38533
38564
38576
38581
38584
38592
38596
38617
38631
38635
38647
38678
38679
38680
38688
38694
38697
38740
38750
38750
38761
38765
38776
38778
38779
38802
38813
38816
38821
38827
38831
38845
38854
38857
38865
38881
38884
38894
38896
38896
38908
38934
38936
38948
38952
38952
38958
38958
38960
38994
39016
39031
39046
39058
39059
39062
39070
39072
39082
39083
39087
39104
39113
39116
39120
39122
39138
39142
39147
39164
39165
39172
39173
39190
39190
39201
39232
39241
39241
39298
39299
39308
39323
39345
39355
39369
39369
39387
39387
39400
39402
39429
39454
39458
39478
39489
39494
39494
39512
39516
39575
39612
39659
39659
39681
39682
39683
39690
39699
39732
39735
39743
39766
39783
39799
39808
39808
39812
39816
39838
39844
39845
39847
39859
39888
39893
39898
39906
39921
39922
39941
39966
40027
40030
40041
40044
40066
40067
40085
40086
40106
40122
40140
40150
40151
40173
40184
40184
40203
40213
40224
40225
40227
40229
40247
40253
40277
40301
40314
40316
40328
40328
40331
40335
40376
40413
40417
40421
40432
40433
40439
40458
40459
40467
40478
40486
40498
40501
40523
40523
40526
40530
40534
40534
40549
40552
40566
40567
40571
40576
40576
40632
40642
40679
40688
40689
40696
40698
40712
40719
40748
40759
40764
40780
40789
40793
40812
40813
40822
40830
40831
40845
40853
40858
40886
40892
40893
40896
40931
40944
40949
40949
40951
40959
40965
40968
41008
41068
41090
41125
41135
41136
41137
41143
41159
41166
41168
41173
41183
41197
41198
41212
41217
41220
41239
41255
41260
41268
41274
41282
41293
41303
41304
41304
41323
41333
41348
41376
41379
41384
41388
41400
41400
41410
41427
41427
41437
41444
41445
41467
41471
41471
41477
41477
41486
41489
41506
41513
41521
41532
41543
41544
41571
41586
41597
41599
41600
41606
41642
41653
41665
41671
41683
41712
41724
41745
41763
41773
41783
41803
41804
41804
41806
41813
41814
41818
41827
41842
41865
41874
41883
41890
41897
41902
41912
41916
41918
41921
41925
41930
41937
41947
41948
41958
41969
41996
41997
41998
42010
42010
42023
42026
42026
42032
42069
42078
42088
42100
42138
42145
42179
42186
42210
42213
42216
42239
42242
42248
42260
42267
42269
42271
42296
42303
42303
42307
42317
42330
42332
42334
42351
42352
42357
42373
42376
42380
42381
42385
42389
42397
42436
42450
42459
42462
42473
42476
42478
42482
42498
42510
42512
42513
42525
42537
42543
42544
42564
42564
42567
42574
42593
42598
42608
42626
42631
42632
42633
42636
42646
42651
42652
42673
42703
42712
42718
42739
42741
42749
42759
42770
42771
42775
42788
42794
42797
42801
42801
42805
42809
42828
42845
42845
42861
42863
42867
42872
42877
42906
42908
42918
42926
42936
42945
42946
42955
42960
42960
42966
42976
42976
42979
42980
43014
43022
43033
43046
43049
43054
43070
43073
43094
43098
43101
43104
43106
43111
43115
43129
43131
43139
43142
43167
43176
43180
43192
43197
43198
43201
43215
43220
43220
43234
43235
43249
43281
43282
43289
43290
43300
43304
43305
43309
43311
43314
43315
43322
43324
43325
43342
43343
43345
43349
43355
43356
43357
43377
43382
43382
43422
43446
43460
43474
43481
43495
43524
43531
43540
43540
43564
43576
43577
43579
43584
43584
43586
43643
43647
43670
43680
43693
43695
43696
43701
43717
43731
43732
43734
43734
43735
43762
43762
43774
43774
43785
43805
43807
43813
43817
43826
43835
43843
43845
43845
43846
43849
43856
43859
43863
43865
43881
43883
43895
43896
43902
43909
43910
43914
43939
43950
43956
43957
43968
44009
44012
44019
44029
44034
44038
44053
44054
44063
44065
44100
44117
44128
44145
44150
44151
44182
44183
44215
44215
44215
44262
44265
44282
44295
44308
44308
44331
44332
44334
44337
44341
44342
44348
44373
44402
44414
44433
44436
44443
44454
44465
44475
44481
44505
44506
44522
44524
44530
44565
44580
44581
44586
44601
44611
44620
44631
44643
44648
44651
44672
44687
44689
44695
44701
44716
44753
44765
44767
44768
44771
44771
44774
44792
44802
44808
44809
44812
44817
44818
44834
44869
44882
44909
44915
44921
44928
44949
44963
44970
44975
44984
45017
45037
45060
45081
45081
45098
45103
45106
45120
45123
45131
45152
45155
45156
45159
45160
45165
45168
45174
45192
45201
45223
45241
45246
45256
45264
45272
45278
45340
45348
45357
45362
45375
45394
45408
45414
45419
45420
45421
45429
45440
45446
45451
45458
45470
45497
45508
45522
45543
45555
45562
45586
45602
45618
45634
45637
45645
45665
45667
45685
45688
45700
45723
45729
45735
45741
45745
45749
45753
45761
45769
45771
45774
45774
45781
45807
45814
45824
45828
45833
45841
45844
45845
45845
45849
45850
45850
45854
45856
45871
45881
45884
45893
45895
45916
45919
45931
45952
45957
45965
45965
45968
45970
46014
46017
46026
46030
46052
46053
46074
46084
46119
46123
46124
46125
46132
46141
46142
46146
46173
46183
46186
46197
46203
46214
46216
46230
46235
46244
46245
46246
46257
46262
46263
46263
46277
46304
46343
46351
46359
46371
46391
46400
46426
46434
46446
46447
46447
46449
46486
46497
46532
46551
46558
46559
46570
46574
46582
46583
46594
46604
46609
46612
46617
46646
46673
46679
46686
46687
46689
46709
46712
46725
46780
46780
46791
46793
46804
46814
46826
46828
46830
46840
46842
46877
46886
46892
46900
46901
46910
46924
46933
46945
46990
47000
47008
47068
47071
47090
47102
47119
47120
47147
47170
47193
47208
47231
47239
47258
47267
47312
47316
47321
47323
47327
47327
47337
47344
47348
47349
47350
47379
47379
47382
47383
47391
47427
47431
47433
47435
47441
47450
47451
47464
47473
47482
47537
47542
47581
47592
47598
47602
47602
47609
47610
47618
47623
47634
47643
47645
47645
47662
47664
47672
47677
47679
47698
47710
47737
47740
47774
47775
47775
47776
47779
47780
47785
47796
47813
47821
47835
47841
47853
47856
47866
47873
47893
47895
47901
47903
47909
47922
47928
47959
47969
47971
47987
47989
47989
48001
48009
48023
48030
48055
48064
48065
48066
48067
48078
48093
48096
48099
48114
48124
48128
48129
48136
48147
48173
48177
48179
48194
48195
48202
48216
48220
48231
48259
48260
48300
48308
48312
48316
48328
48345
48350
48378
48404
48445
48453
48472
48474
48484
48492
48526
48545
48551
48552
48560
48573
48582
48597
48608
48610
48618
48622
48630
48635
48636
48640
48644
48649
48676
48703
48709
48741
48742
48759
48769
48781
48796
48802
48816
48820
48855
48866
48867
48871
48881
48881
48906
48916
48917
48931
48934
48942
48952
48964
49032
49057
49064
49065
49070
49072
49084
49090
49094
49094
49130
49134
49140
49147
49147
49168
49173
49179
49189
49207
49212
49217
49218
49226
49233
49237
49249
49250
49254
49266
49274
49288
49293
49294
49297
49318
49327
49330
49339
49339
49366
49368
49377
49380
49385
49387
49404
49481
49481
49484
49488
49509
49531
49538
49551
49562
49579
49588
49599
49611
49620
49621
49627
49643
49656
49665
49669
49672
49696
49711
49719
49723
49724
49735
49737
49738
49756
49758
49786
49786
49793
49801
49825
49825
49838
49844
49847
49851
49858
49869
49874
49876
49880
49899
49901
49915
49929
49935
49935
49938
49943
49949
49951
49960
49971
49993
50000
50019
50019
50026
50027
50032
50032
50048
50048
50050
50053
50055
50056
50067
50086
50092
50097
50135
50142
50164
50168
50179
50188
50201
50219
50222
50236
50256
50261
50269
50275
50285
50291
50295
50308
50317
50322
50344
50350
50372
50374
50375
50376
50393
50398
50413
50420
50422
50425
50427
50429
50438
50441
50441
50441
50449
50462
50477
50486
50493
50501
50513
50540
50541
50541
50549
50557
50570
50599
50623
50627
50628
50633
50642
50652
50659
50667
50675
50682
50686
50687
50687
50695
50698
50705
50706
50736
50737
50742
50747
50751
50759
50762
50765
50768
50775
50775
50778
50780
50820
50822
50832
50834
50842
50844
50848
50863
50874
50878
50878
50878
50896
50904
50918
50918
50921
50939
50940
50956
50958
50958
50966
50980
50997
51005
51009
51013
51023
51029
51037
51045
51047
51048
51048
51077
51079
51081
51125
51148
51150
51155
51158
51176
51177
51177
51199
51201
51202
51202
51203
51214
51231
51269
51291
51297
51301
51312
51322
51339
51340
51340
51342
51350
51351
51362
51363
51365
51372
51385
51390
51391
51392
51409
51432
51434
51439
51441
51454
51461
51468
51472
51493
51508
51520
51549
51559
51560
51576
51578
51585
51594
51597
51615
51628
51628
51655
51659
51664
51667
51668
51704
51705
51711
51717
51731
51755
51762
51766
51771
51795
51810
51818
51825
51828
51829
51833
51842
51887
51901
51907
51944
51966
51969
51980
51980
51982
51982
51985
52012
52019
52028
52047
52051
52061
52062
52072
52072
52090
52093
52094
52114
52117
52127
52130
52148
52172
52181
52182
52187
52189
52191
52199
52203
52238
52250
52252
52256
52264
52275
52275
52279
52280
52330
52343
52369
52384
52402
52405
52422
52425
52428
52430
52438
52441
52444
52466
52472
52472
52493
52499
52510
52517
52518
52519
52530
52540
52570
52588
52618
52624
52628
52637
52642
52660
52664
52668
52682
52683
52683
52686
52692
52694
52698
52708
52710
52718
52723
52726
52730
52733
52772
52788
52796
52800
52804
52809
52814
52818
52818
52832
52837
52849
52871
52872
52878
52882
52907
52919
52921
52922
52929
52933
52955
52959
52961
52975
52977
52987
53008
53039
53065
53083
53085
53104
53117
53128
53143
53145
53149
53168
53174
53178
53196
53197
53208
53210
53214
53244
53245
53246
53247
53247
53260
53268
53284
53297
53330
53331
53341
53358
53362
53380
53409
53410
53447
53453
53456
53461
53461
53462
53467
53469
53471
53497
53498
53528
53529
53530
53537
53566
53566
53574
53588
53588
53595
53597
53614
53614
53630
53638
53638
53655
53687
53689
53703
53704
53706
53714
53718
53724
53732
53766
53803
53817
53837
53844
53870
53897
53903
53910
53910
53955
53968
53983
53994
53997
54000
54022
54028
54028
54030
54035
54044
54053
54057
54070
54076
54085
54087
54105
54109
54112
54145
54150
54161
54166
54172
54193
54203
54204
54219
54224
54225
54228
54228
54247
54252
54255
54273
54278
54281
54282
54290
54294
54304
54306
54339
54357
54365
54370
54372
54372
54386
54395
54402
54404
54422
54436
54460
54460
54462
54464
54481
54500
54502
54502
54539
54545
54574
54595
54606
54618
54619
54624
54625
54629
54631
54641
54647
54657
54659
54663
54690
54696
54700
54708
54709
54714
54735
54737
54743
54757
54781
54787
54796
54799
54800
54803
54805
54810
54829
54838
54838
54849
54850
54853
54855
54869
54873
54886
54897
54897
54902
54907
54907
54918
54946
54950
54963
54968
54991
55008
55028
55030
55046
55047
55054
55055
55062
55065
55067
55078
55079
55082
55088
55094
55140
55145
55147
55162
55166
55179
55184
55188
55191
55240
55254
55290
55297
55299
55299
55304
55306
55306
55308
55323
55349
55350
55365
55373
55373
55387
55398
55403
55412
55422
55425
55487
55509
55519
55533
55540
55550
55580
55582
55587
55588
55602
55611
55633
55646
55646
55651
55672
55674
55692
55711
55736
55739
55740
55759
55778
55779
55782
55812
55818
55840
55846
55852
55855
55857
55865
55868
55880
55918
55920
55947
55949
55958
55960
55962
55965
55975
55995
56005
56010
56040
56051
56070
56074
56076
56077
56104
56115
56127
56134
56147
56183
56197
56205
56209
56238
56251
56256
56274
56276
56276
56310
56327
56329
56330
56341
56341
56364
56369
56382
56393
56411
56444
56446
56453
56464
56480
56486
56503
56505
56512
56539
56547
56554
56563
56565
56579
56590
56605
56612
56615
56631
56644
56652
56662
56668
56673
56687
56693
56696
56696
56700
56704
56707
56718
56720
56730
56771
56777
56785
56804
56808
56811
56822
56833
56835
56853
56861
56864
56881
56912
56957
56963
56980
56995
56997
57021
57022
57031
57031
57032
57034
57037
57052
57053
57055
57060
57075
57080
57094
57098
57099
57100
57122
57131
57138
57140
57143
57144
57198
57213
57219
57228
57249
57276
57311
57315
57315
57317
57324
57324
57332
57341
57347
57347
57356
57357
57360
57409
57409
57416
57445
57452
57460
57469
57479
57481
57508
57508
57545
57559
57579
57582
57591
57599
57612
57619
57621
57624
57625
57628
57632
57635
57644
57646
57646
57658
57692
57702
57716
57741
57744
57745
57752
57754
57757
57763
57777
57782
57783
57787
57788
57815
57818
57838
57856
57858
57871
57882
57891
57893
57898
57899
57899
57899
57902
57924
57931
57934
57970
57976
57982
57988
58004
58006
58018
58027
58039
58047
58050
58065
58072
58086
58096
58107
58124
58165
58171
58177
58190
58193
58196
58199
58203
58222
58228
58238
58239
58276
58279
58286
58286
58303
58310
58314
58318
58321
58332
58354
58364
58386
58391
58399
58402
58408
58428
58432
58436
58439
58446
58467
58478
58491
58508
58534
58539
58563
58573
58582
58585
58605
58620
58641
58642
58646
58660
58723
58732
58744
58758
58764
58783
58803
58806
58834
58839
58870
58872
58880
58899
58922
58928
58931
58936
58978
58992
59000
59006
59015
59020
59035
59040
59057
59064
59089
59095
59122
59125
59131
59132
59139
59139
59159
59170
59192
59199
59244
59248
59248
59282
59284
59291
59326
59331
59337
59346
59347
59354
59358
59364
59366
59376
59383
59383
59385
59391
59397
59399
59402
59413
59415
59443
59473
59482
59482
59503
59537
59553
59567
59574
59578
59586
59586
59586
59595
59615
59619
59660
59669
59669
59682
59698
59699
59730
59738
59745
59756
59767
59780
59785
59788
59793
59803
59809
59817
59823
59827
59837
59846
59860
59869
59871
59873
59875
59891
59900
59912
59938
59946
59947
59957
59974
59989
59990
59991
59994
60001
60012
60013
60017
60018
60023
60052
60069
60071
60075
60085
60086
60097
60119
60153
60187
60193
60198
60208
60216
60223
60241
60246
60250
60254
60254
60277
60280
60298
60306
60321
60346
60347
60368
60370
60374
60389
60403
60414
60428
60428
60432
60456
60457
60469
60475
60497
60502
60520
60520
60534
60545
60558
60565
60576
60582
60587
60597
60619
60619
60630
60697
60699
60710
60732
60748
60779
60780
60800
60800
60802
60806
60812
60815
60821
60821
60848
60849
60855
60875
60889
60905
60908
60922
60923
60941
60957
60959
60960
60968
60986
60993
60996
60998
61001
61002
61005
61013
61026
61032
61039
61042
61072
61085
61113
61114
61137
61160
61166
61175
61180
61189
61192
61192
61200
61205
61221
61231
61244
61268
61275
61279
61300
61325
61328
61331
61350
61355
61378
61378
61389
61389
61390
61396
61403
61404
61409
61414
61421
61430
61431
61441
61461
61470
61480
61480
61483
61483
61490
61506
61506
61516
61525
61527
61528
61531
61533
61537
61555
61564
61576
61592
61611
61613
61616
61628
61650
61651
61663
61676
61691
61695
61699
61705
61710
61753
61768
61779
61798
61811
61815
61817
61822
61834
61834
61840
61847
61848
61861
61866
61872
61893
61903
61908
61912
61934
61945
61949
61952
61953
61953
61965
61985
61992
61998
62010
62010
62013
62023
62025
62029
62056
62056
62065
62078
62085
62116
62117
62122
62131
62135
62166
62168
62172
62173
62187
62192
62198
62202
62221
62225
62228
62231
62278
62282
62287
62299
62349
62350
62377
62380
62391
62400
62410
62421
62422
62424
62431
62432
62443
62452
62454
62457
62478
62508
62513
62525
62527
62531
62536
62538
62550
62559
62564
62571
62571
62599
62610
62617
62630
62636
62656
62690
62696
62711
62715
62737
62743
62760
62761
62763
62768
62775
62785
62791
62806
62806
62854
62861
62862
62865
62873
62873
62877
62880
62885
62888
62921
62948
62982
62994
63007
63014
63017
63020
63036
63049
63060
63061
63068
63090
63090
63128
63131
63135
63138
63150
63153
63163
63194
63216
63218
63219
63221
63222
63236
63247
63279
63283
63284
63293
63295
63299
63307
63308
63327
63329
63330
63333
63339
63340
63353
63364
63407
63411
63420
63450
63456
63466
63479
63482
63503
63511
63514
63524
63539
63550
63554
63556
63564
63592
63602
63606
63622
63631
63649
63653
63655
63656
63670
63675
63680
63684
63690
63692
63705
63712
63721
63737
63747
63764
63795
63796
63818
63825
63849
63873
63885
63919
63930
63952
63967
63972
63982
63984
63985
63996
63996
64003
64040
64046
64050
64052
64054
64057
64060
64061
64083
64086
64090
64101
64113
64114
64117
64118
64145
64156
64167
64181
64185
64191
64202
64206
64206
64217
64217
64227
64229
64234
64240
64244
64254
64256
64257
64289
64292
64314
64314
64329
64347
64362
64365
64384
64393
64420
64435
64445
64452
64457
64462
64467
64469
64481
64481
64485
64485
64494
64496
64514
64517
64523
64534
64566
64576
64581
64582
64594
64596
64601
64632
64633
64664
64677
64681
64700
64701
64724
64744
64746
64747
64762
64794
64807
64811
64825
64840
64846
64848
64852
64866
64867
64868
64870
64875
64876
64877
64887
64889
64898
64901
64908
64912
64918
64919
64922
64928
64961
64968
64970
64976
64997
65013
65021
65049
65053
65053
65058
65059
65080
65088
65089
65090
65099
65119
65136
65142
65151
65158
65168
65178
65186
65208
65214
65215
65225
65240
65244
65247
65255
65266
65275
65279
65281
65295
65315
65318
65324
65338
65348
65356
65361
65399
65404
65407
65407
65412
65422
65426
65433
65435
65450
65467
65477
65491
65494
65498
65498
65529
65539
65545
65558
65576
65596
65620
65623
65633
65639
65650
65651
65672
65685
65705
65705
65708
65711
65711
65715
65740
65748
65751
65760
65762
65763
65767
65768
65785
65787
65796
65804
65805
65813
65814
65820
65824
65828
65838
65857
65858
65868
65887
65889
65898
65904
65906
65909
65912
65926
65942
65943
65973
65982
65982
65991
66022
66027
66037
66048
66062
66063
66064
66067
66077
66078
66080
66083
66088
66111
66126
66137
66138
66152
66154
66179
66183
66184
66212
66212
66243
66253
66253
66261
66263
66276
66276
66279
66296
66301
66328
66333
66338
66343
66347
66348
66359
66363
66379
66383
66392
66412
66435
66438
66452
66463
66499
66515
66546
66548
66561
66562
66569
66574
66579
66592
66607
66609
66633
66635
66636
66641
66656
66663
66667
66673
66677
66711
66721
66722
66730
66743
66764
66769
66770
66796
66810
66833
66841
66850
66853
66883
66886
66899
66908
66911
66912
66913
66931
66938
66961
66963
66989
66992
66993
67008
67011
67013
67018
67031
67043
67066
67085
67087
67099
67099
67104
67112
67139
67160
67169
67183
67184
67197
67221
67224
67231
67241
67244
67259
67265
67305
67315
67331
67336
67344
67353
67366
67369
67375
67400
67411
67439
67465
67467
67473
67475
67493
67499
67509
67510
67527
67533
67544
67561
67563
67565
67598
67610
67616
67627
67636
67636
67651
67656
67663
67675
67713
67713
67730
67735
67737
67751
67762
67774
67783
67787
67789
67793
67803
67821
67834
67838
67841
67849
67858
67866
67867
67872
67880
67883
67885
67889
67905
67907
67922
67924
67936
67947
67959
67962
67971
67986
67998
68009
68015
68017
68023
68023
68036
68061
68124
68135
68137
68137
68141
68162
68174
68181
68193
68197
68201
68217
68220
68236
68245
68248
68253
68255
68260
68275
68287
68293
68307
68308
68323
68329
68329
68329
68330
68344
68348
68364
68383
68384
68385
68402
68405
68406
68414
68438
68453
68461
68470
68485
68497
68498
68530
68551
68554
68563
68567
68568
68577
68582
68597
68603
68605
68610
68620
68635
68659
68681
68683
68686
68695
68700
68704
68709
68711
68730
68738
68739
68749
68763
68786
68789
68803
68806
68817
68832
68850
68860
68861
68864
68873
68942
68957
68972
68975
68978
68983
68988
69005
69027
69059
69073
69084
69085
69085
69092
69096
69113
69117
69129
69140
69146
69154
69159
69164
69182
69183
69185
69189
69193
69196
69198
69199
69202
69205
69219
69222
69247
69248
69259
69276
69290
69294
69303
69303
69310
69319
69323
69326
69335
69343
69364
69365
69371
69377
69384
69389
69389
69406
69421
69441
69449
69453
69461
69463
69493
69526
69529
69540
69552
69558
69559
69594
69597
69599
69601
69603
69605
69606
69612
69618
69649
69650
69655
69663
69681
69690
69702
69729
69735
69737
69758
69759
69773
69784
69811
69824
69848
69867
69870
69879
69888
69931
69934
69939
69943
69946
69960
69964
69964
69968
69985
70013
70026
70033
70046
70059
70061
70108
70139
70141
70141
70142
70144
70161
70170
70178
70198
70203
70217
70244
70252
70257
70263
70267
70286
70290
70300
70301
70307
70318
70319
70322
70348
70361
70368
70373
70383
70385
70388
70398
70425
70426
70432
70437
70442
70469
70477
70480
70487
70492
70496
70500
70530
70539
70542
70542
70547
70549
70549
70555
70568
70571
70608
70614
70618
70633
70649
70658
70668
70687
70693
70707
70712
70722
70733
70757
70782
70783
70785
70798
70812
70826
70828
70828
70838
70843
70848
70848
70860
70861
70867
70882
70893
70901
70908
70910
70912
70915
70917
70919
70923
70926
70927
70937
70947
70950
70961
70965
70968
70970
70980
70993
71004
71024
71046
71051
71070
71070
71073
71073
71102
71106
71117
71120
71123
71126
71137
71144
71153
71153
71168
71189
71201
71209
71217
71228
71273
71279
71287
71292
71292
71318
71327
71341
71367
71368
71372
71376
71407
71420
71433
71439
71440
71448
71464
71476
71487
71493
71497
71498
71499
71513
71515
71516
71531
71546
71559
71605
71612
71615
71641
71641
71649
71664
71678
71695
71700
71702
71706
71720
71725
71728
71733
71740
71741
71773
71783
71788
71791
71805
71824
71826
71828
71833
71843
71858
71866
71878
71893
71906
71911
71924
71924
71927
71929
71953
71961
71967
71968
71977
72003
72021
72027
72031
72031
72033
72042
72044
72064
72079
72084
72089
72110
72149
72166
72172
72181
72201
72205
72205
72210
72214
72220
72242
72247
72248
72257
72263
72289
72293
72296
72310
72324
72326
72327
72332
72335
72336
72345
72349
72363
72369
72371
72373
72388
72393
72396
72397
72415
72415
72416
72421
72431
72439
72440
72449
72455
72458
72460
72474
72481
72481
72494
72502
72520
72521
72545
72545
72552
72553
72561
72562
72574
72576
72577
72577
72598
72618
72641
72642
72644
72644
72660
72663
72698
72703
72715
72717
72722
72770
72777
72780
72786
72792
72801
72805
72817
72825
72828
72831
72834
72852
72860
72864
72871
72885
72887
72910
72916
72917
72926
72951
72952
72952
72966
72967
72967
72983
72994
72995
73033
73043
73048
73085
73085
73093
73104
73119
73141
73141
73145
73152
73180
73188
73206
73213
73231
73239
73241
73244
73245
73253
73256
73257
73267
73278
73279
73285
73285
73296
73304
73310
73318
73322
73326
73331
73342
73344
73344
73346
73354
73357
73368
73371
73374
73375
73397
73399
73403
73405
73411
73439
73440
73442
73447
73457
73464
73467
73475
73478
73494
73496
73508
73521
73526
73527
73535
73537
73541
73549
73551
73582
73596
73598
73602
73623
73624
73633
73656
73658
73669
73677
73677
73687
73720
73721
73732
73745
73758
73771
73774
73789
73791
73801
73827
73832
73844
73870
73871
73877
73892
73900
73905
73916
73917
73955
73982
74002
74009
74013
74031
74032
74043
74046
74047
74055
74059
74074
74078
74088
74099
74100
74109
74114
74118
74123
74148
74150
74165
74173
74178
74191
74202
74228
74234
74235
74242
74248
74267
74270
74274
74274
74284
74287
74298
74306
74309
74320
74324
74347
74362
74368
74402
74424
74427
74445
74468
74469
74483
74503
74547
74553
74558
74570
74597
74611
74697
74726
74737
74743
74775
74793
74797
74822
74825
74849
74871
74881
74889
74892
74901
74912
74919
74950
74951
74959
75041
75050
75050
75051
75060
75064
75065
75081
75107
75120
75123
75138
75139
75148
75160
75178
75188
75197
75205
75212
75213
75224
75241
75247
75253
75262
75271
75286
75289
75295
75300
75378
75382
75382
75399
75410
75417
75436
75441
75471
75490
75539
75550
75557
75592
75599
75612
75623
75639
75641
75648
75657
75659
75662
75679
75679
75679
75682
75687
75699
75711
75723
75731
75740
75752
75756
75758
75758
75759
75766
75783
75784
75789
75794
75795
75810
75810
75819
75819
75830
75830
75836
75858
75859
75880
75889
75897
75903
75906
75907
75913
75914
75927
75931
75935
75936
75945
75954
75996
76003
76004
76007
76008
76014
76018
76048
76061
76071
76094
76102
76109
76113
76121
76130
76146
76150
76182
76185
76187
76200
76209
76213
76231
76234
76249
76296
76301
76308
76327
76334
76339
76349
76354
76364
76367
76376
76382
76388
76403
76413
76424
76445
76466
76474
76477
76489
76492
76497
76500
76510
76511
76521
76539
76544
76547
76550
76561
76567
76633
76660
76667
76676
76685
76704
76715
76726
76735
76746
76748
76759
76770
76783
76790
76795
76815
76832
76857
76863
76882
76896
76899
76904
76910
76940
76948
76974
76978
77015
77039
77041
77052
77053
77055
77064
77087
77120
77143
77143
77161
77190
77208
77240
77243
77246
77260
77261
77272
77278
77291
77298
77304
77360
77383
77389
77390
77434
77445
77456
77461
77468
77469
77511
77522
77523
77541
77543
77591
77595
77598
77603
77604
77626
77632
77634
77658
77659
77660
77668
77671
77683
77690
77695
77699
77720
77722
77747
77748
77749
77752
77753
77768
77771
77789
77810
77819
77831
77856
77864
77868
77872
77874
77875
77887
77889
77904
77904
77911
77916
77928
77934
77982
77983
78007
78015
78023
78031
78041
78042
78049
78072
78094
78098
78121
78135
78144
78154
78158
78174
78259
78280
78280
78284
78323
78350
78355
78362
78366
78369
78371
78382
78409
78420
78423
78438
78442
78443
78524
78530
78535
78540
78560
78562
78562
78571
78573
78596
78602
78611
78619
78624
78636
78658
78660
78671
78677
78692
78705
78709
78722
78726
78730
78733
78736
78741
78765
78767
78770
78773
78794
78807
78808
78817
78818
78834
78834
78840
78840
78847
78878
78900
78932
78946
78949
78975
78977
78988
78997
78998
79006
79045
79047
79054
79080
79087
79107
79111
79116
79131
79137
79165
79166
79169
79179
79179
79183
79184
79204
79216
79243
79254
79255
79284
79297
79304
79312
79322
79332
79334
79346
79355
79383
79394
79399
79413
79413
79418
79427
79436
79453
79495
79496
79499
79509
79520
79522
79526
79536
79537
79538
79546
79550
79555
79566
79576
79588
79589
79595
79609
79630
79642
79651
79657
79661
79663
79675
79685
79696
79701
79720
79730
79736
79737
79749
79762
79771
79792
79793
79808
79812
79812
79833
79845
79848
79850
79878
79880
79891
79905
79923
79923
79924
79938
79945
79979
79991
79995
79997
80007
80016
80023
80025
80026
80029
80041
80101
80110
80125
80128
80136
80207
80211
80238
80254
80255
80273
80277
80280
80299
80304
80308
80312
80326
80331
80342
80348
80353
80360
80361
80365
80372
80374
80381
80402
80419
80420
80421
80436
80438
80440
80441
80442
80446
80450
80482
80504
80504
80516
80530
80531
80540
80541
80541
80547
80548
80559
80568
80571
80590
80596
80599
80613
80622
80625
80645
80655
80661
80662
80693
80694
80694
80700
80737
80744
80755
80761
80766
80771
80795
80798
80801
80808
80820
80830
80831
80832
80873
80882
80882
80920
80926
80933
80947
80971
80990
80990
80995
80997
81004
81015
81020
81030
81037
81048
81058
81080
81085
81098
81105
81117
81129
81131
81156
81159
81161
81172
81178
81191
81195
81205
81209
81214
81220
81224
81225
81227
81271
81285
81288
81295
81338
81342
81359
81372
81374
81381
81401
81426
81442
81443
81447
81455
81467
81481
81483
81544
81553
81587
81597
81604
81608
81643
81652
81670
81671
81688
81696
81699
81700
81720
81723
81727
81742
81742
81750
81755
81757
81759
81767
81791
81797
81821
81821
81827
81843
81845
81847
81850
81854
81856
81862
81885
81895
81904
81930
81937
81949
81950
81964
81965
81972
81986
81987
81992
82008
82024
82037
82042
82053
82061
82073
82077
82083
82088
82089
82101
82104
82130
82136
82145
82156
82161
82165
82190
82198
82199
82202
82205
82214
82215
82224
82226
82232
82235
82269
82290
82296
82298
82307
82331
82331
82358
82359
82371
82371
82377
82378
82382
82398
82409
82416
82423
82430
82438
82455
82479
82492
82499
82512
82524
82528
82532
82533
82540
82544
82557
82580
82588
82590
82591
82598
82602
82604
82607
82614
82635
82649
82659
82674
82677
82695
82703
82707
82719
82727
82740
82771
82797
82818
82842
82848
82850
82851
82860
82877
82909
82914
82917
82921
82930
82931
82933
82947
82950
82954
82955
82968
82977
82982
82984
82990
83026
83044
83061
83062
83074
83075
83084
83094
83097
83103
83124
83127
83146
83158
83164
83179
83180
83181
83182
83201
83201
83202
83233
83240
83249
83270
83277
83282
83287
83290
83295
83305
83311
83314
83320
83340
83340
83347
83348
83353
83368
83388
83388
83403
83422
83429
83448
83450
83464
83473
83484
83487
83499
83509
83551
83585
83592
83595
83596
83597
83624
83629
83632
83635
83647
83651
83663
83702
83708
83719
83745
83768
83793
83802
83806
83811
83845
83853
83873
83879
83918
83934
83937
83952
83955
83995
84004
84017
84018
84042
84046
84067
84092
84106
84119
84126
84127
84148
84152
84156
84186
84186
84209
84214
84216
84223
84242
84251
84259
84261
84261
84267
84297
84309
84309
84317
84324
84334
84348
84370
84373
84375
84390
84400
84425
84439
84459
84485
84489
84512
84517
84522
84534
84547
84553
84579
84582
84586
84589
84601
84602
84604
84608
84613
84618
84622
84633
84637
84647
84648
84648
84650
84665
84680
84684
84701
84706
84718
84729
84735
84737
84748
84762
84771
84772
84774
84786
84788
84790
84828
84831
84855
84860
84873
84878
84919
84925
84927
84939
84942
84944
84949
84963
84980
84985
84995
84999
85008
85022
85040
85059
85071
85076
85078
85085
85092
85113
85123
85145
85148
85149
85161
85166
85175
85182
85198
85203
85206
85216
85219
85233
85268
85273
85276
85291
85294
85312
85312
85313
85315
85327
85333
85366
85368
85391
85400
85403
85412
85416
85425
85430
85430
85458
85463
85476
85479
85482
85486
85490
85497
85501
85507
85532
85533
85566
85572
85580
85586
85604
85606
85620
85627
85651
85653
85656
85657
85668
85689
85690
85695
85697
85707
85723
85740
85753
85754
85759
85763
85792
85792
85796
85798
85814
85820
85843
85874
85880
85884
85896
85912
85920
85921
85923
85927
85944
85967
85981
85984
85988
86057
86097
86103
86126
86159
86171
86173
86183
86191
86204
86205
86218
86225
86226
86230
86237
86241
86244
86247
86269
86273
86276
86277
86292
86293
86298
86300
86300
86301
86309
86314
86316
86325
86339
86343
86359
86363
86368
86375
86375
86382
86383
86389
86389
86400
86404
86486
86505
86537
86545
86551
86553
86570
86605
86656
86670
86685
86693
86694
86696
86697
86700
86722
86745
86751
86762
86778
86780
86805
86811
86811
86813
86814
86857
86861
86865
86886
86887
86896
86899
86905
86924
86931
86931
86933
86938
86944
86948
86985
86986
86987
86995
87000
87011
87019
87038
87046
87051
87052
87064
87076
87078
87081
87087
87105
87111
87118
87125
87126
87126
87129
87130
87156
87174
87183
87187
87196
87233
87252
87252
87293
87315
87322
87323
87356
87364
87384
87413
87416
87434
87472
87474
87505
87529
87529
87542
87546
87548
87553
87569
87573
87574
87591
87605
87607
87616
87633
87636
87645
87650
87679
87679
87682
87699
87713
87718
87722
87725
87730
87742
87757
87758
87765
87810
87824
87830
87832
87832
87834
87841
87842
87855
87857
87870
87876
87890
87907
87919
87926
87928
87936
87946
87963
87964
88006
88008
88019
88022
88024
88034
88054
88060
88062
88074
88089
88108
88123
88126
88133
88157
88159
88185
88185
88197
88215
88241
88262
88293
88322
88334
88336
88339
88344
88345
88348
88358
88363
88395
88435
88437
88442
88451
88456
88459
88460
88467
88499
88513
88514
88521
88538
88539
88543
88571
88577
88598
88601
88621
88628
88646
88652
88653
88668
88669
88692
88700
88708
88743
88761
88763
88771
88774
88777
88777
88779
88791
88791
88801
88807
88821
88822
88822
88842
88846
88860
88874
88887
88897
88900
88904
88911
88920
88920
88926
88930
88931
88932
88948
88953
88960
88962
88969
88996
89000
89007
89014
89015
89040
89048
89073
89078
89098
89105
89109
89114
89115
89118
89122
89127
89150
89151
89159
89168
89177
89179
89222
89287
89293
89301
89308
89315
89315
89331
89346
89371
89378
89381
89381
89382
89389
89395
89395
89410
89441
89441
89458
89483
89492
89495
89512
89513
89526
89535
89536
89550
89552
89576
89584
89585
89595
89597
89602
89628
89630
89657
89693
89698
89717
89721
89723
89738
89738
89740
89740
89740
89747
89762
89793
89806
89834
89837
89875
89882
89892
89892
89892
89898
89911
89925
89940
89959
89960
89965
89988
89991
90006
90006
90013
90023
90032
90032
90036
90047
90062
90070
90071
90080
90084
90098
90102
90103
90117
90130
90137
90139
90140
90145
90154
90163
90227
90228
90235
90241
90247
90253
90254
90282
90286
90304
90319
90324
90330
90331
90335
90344
90374
90382
90421
90436
90456
90457
90462
90472
90478
90480
90490
90510
90512
90515
90516
90531
90537
90556
90582
90588
90590
90607
90610
90613
90619
90662
90682
90688
90688
90702
90704
90707
90736
90753
90768
90775
90791
90806
90855
90871
90878
90882
90887
90890
90920
90955
90964
90976
90977
90987
91004
91006
91008
91009
91019
91026
91044
91045
91047
91064
91073
91078
91079
91087
91091
91092
91106
91111
91113
91114
91116
91129
91143
91144
91150
91162
91165
91214
91225
91228
91239
91240
91244
91256
91260
91260
91261
91274
91289
91297
91307
91310
91310
91315
91320
91321
91324
91337
91340
91357
91361
91371
91376
91381
91394
91451
91459
91462
91477
91493
91518
91523
91527
91535
91558
91564
91569
91578
91580
91582
91598
91612
91613
91620
91633
91639
91650
91656
91659
91665
91686
91690
91702
91707
91742
91755
91756
91766
91771
91787
91801
91801
91812
91821
91824
91871
91886
91887
91905
91915
91938
91945
91945
91951
91960
91967
91992
92016
92020
92032
92035
92041
92064
92076
92078
92085
92085
92089
92098
92112
92124
92134
92138
92145
92165
92171
92172
92174
92179
92181
92183
92187
92190
92190
92195
92201
92204
92207
92215
92224
92258
92269
92285
92302
92309
92311
92318
92329
92330
92358
92377
92387
92397
92406
92407
92428
92431
92433
92439
92467
92471
92478
92485
92492
92502
92508
92510
92527
92542
92546
92573
92586
92607
92612
92620
92626
92640
92643
92644
92649
92671
92672
92677
92679
92684
92685
92688
92689
92703
92716
92720
92742
92757
92776
92806
92848
92867
92873
92876
92880
92889
92897
92909
92913
92928
92945
92969
92979
93003
93005
93008
93025
93028
93030
93033
93034
93046
93048
93060
93062
93081
93089
93122
93128
93152
93155
93159
93167
93179
93183
93186
93189
93207
93210
93230
93234
93249
93257
93272
93286
93287
93311
93312
93315
93324
93342
93345
93349
93358
93368
93370
93372
93399
93403
93414
93419
93426
93434
93435
93435
93469
93478
93485
93487
93489
93508
93509
93514
93515
93526
93539
93548
93557
93576
93577
93605
93622
93639
93639
93644
93656
93662
93691
93691
93698
93714
93727
93729
93743
93745
93747
93757
93766
93777
93778
93782
93789
93793
93794
93814
93829
93832
93835
93835
93842
93843
93844
93854
93862
93866
93872
93929
93938
93964
93980
93983
93983
93988
93990
93993
94009
94011
94022
94026
94039
94041
94046
94054
94058
94073
94098
94101
94114
94134
94141
94150
94152
94166
94193
94196
94201
94209
94214
94218
94237
94270
94294
94302
94309
94312
94319
94338
94348
94350
94365
94366
94371
94373
94375
94404
94408
94411
94414
94417
94417
94426
94475
94487
94496
94498
94507
94528
94534
94571
94584
94615
94616
94634
94645
94676
94678
94691
94695
94711
94720
94722
94731
94734
94736
94765
94769
94776
94806
94808
94831
94839
94845
94847
94848
94868
94870
94884
94891
94892
94894
94894
94894
94901
94904
94907
94931
94939
94951
94978
94980
94986
94988
94993
95001
95021
95026
95062
95068
95088
95091
95103
95104
95117
95131
95134
95143
95144
95148
95174
95176
95181
95194
95195
95219
95220
95232
95267
95276
95295
95308
95329
95339
95340
95347
95373
95374
95380
95393
95399
95407
95424
95426
95428
95430
95432
95450
95454
95481
95513
95520
95544
95549
95550
95560
95565
95580
95588
95589
95591
95601
95606
95617
95623
95631
95635
95637
95644
95646
95655
95671
95672
95690
95703
95734
95758
95770
95776
95777
95802
95809
95810
95813
95820
95824
95828
95835
95837
95838
95844
95872
95873
95874
95888
95905
95911
95914
95914
95916
95919
95937
95957
95962
95968
95982
95983
96012
96015
96025
96033
96033
96073
96087
96105
96108
96128
96141
96163
96180
96199
96200
96203
96206
96212
96215
96218
96220
96222
96234
96260
96262
96262
96265
96272
96281
96284
96290
96299
96311
96318
96349
96365
96366
96370
96388
96403
96411
96423
96424
96443
96449
96458
96458
96467
96474
96482
96483
96520
96535
96543
96569
96572
96580
96584
96587
96587
96613
96616
96650
96657
96683
96684
96692
96696
96700
96723
96731
96738
96740
96745
96775
96780
96782
96783
96785
96810
96819
96821
96826
96839
96839
96839
96841
96854
96865
96875
96885
96891
96921
96945
96972
96974
96977
96981
96993
96993
96997
97004
97014
97018
97020
97022
97030
97038
97041
97051
97073
97079
97083
97097
97101
97130
97135
97148
97208
97234
97236
97239
97250
97252
97256
97274
97300
97310
97316
97324
97336
97357
97371
97378
97401
97433
97450
97457
97474
97478
97496
97498
97522
97527
97527
97544
97545
97545
97550
97555
97566
97592
97605
97606
97632
97634
97638
97639
97655
97661
97668
97672
97689
97693
97701
97706
97709
97725
97735
97737
97750
97755
97760
97796
97797
97810
97813
97848
97852
97858
97862
97864
97868
97871
97897
97918
97920
97922
97930
97947
97968
97972
97979
97985
98024
98029
98031
98031
98033
98038
98039
98041
98047
98055
98066
98069
98084
98086
98088
98089
98094
98094
98095
98099
98107
98110
98133
98144
98154
98175
98179
98179
98190
98200
98205
98211
98212
98217
98232
98244
98255
98299
98305
98309
98321
98324
98341
98357
98361
98367
98373
98397
98408
98410
98414
98422
98430
98439
98449
98451
98453
98455
98459
98477
98480
98482
98500
98508
98513
98533
98543
98544
98573
98584
98604
98607
98616
98628
98657
98661
98671
98673
98677
98680
98686
98691
98696
98699
98716
98716
98718
98730
98733
98739
98742
98746
98751
98761
98762
98768
98793
98801
98813
98828
98830
98839
98869
98880
98880
98904
98914
98915
98927
98944
98954
98957
98961
98972
98976
98981
98989
98996
98996
98999
98999
99000
99006
99028
99033
99053
99096
99135
99140
99161
99169
99173
99198
99199
99215
99217
99224
99267
99270
99270
99283
99289
99308
99314
99322
99323
99324
99326
99345
99357
99371
99380
99389
99393
99403
99436
99457
99465
99489
99504
99519
99520
99523
99544
99550
99553
99568
99587
99592
99597
99618
99622
99623
99625
99643
99646
99648
99657
99677
99680
99684
99715
99720
99725
99749
99751
99760
99760
99768
99775
99779
99802
99807
99807
99812
99819
99830
99832
99833
99844
99849
99849
99850
99860
99862
99866
99907
99925
99965
99973
99976
