2622
4998
3955
7186
8386
6087
4095
6195
2829
4744
3991
5342
5084
468
4720
9545
9630
2378
3757
4774
9983
6317
9360
8525
8187
7434
5861
9267
4132
7521
5436
4147
7518
4122
8730
3876
8792
7888
6450
696
3386
4586
7454
2080
5593
663
8231
4284
9042
5361
4241
6869
3706
8658
2491
3237
5884
560
2647
6523
9753
4169
1321
6338
5682
1561
7421
3613
3499
5124
6089
1967
5924
5845
8826
2277
9778
9597
7042
7672
7273
2959
7145
3437
6601
246
9977
406
1810
58
2957
400
8344
2895
7701
8722
8001
6962
3552
5622
2557
8977
6960
9869
4400
66
5357
232
3388
5192
49
1960
2977
1814
4031
1362
9895
241
9338
5207
6233
3996
3207
9105
5488
2028
1697
7747
6568
6359
9610
8401
777
5383
2029
8129
6207
6065
8502
7017
667
5470
6566
4285
7808
8778
6456
6599
2447
1704
8266
661
5760
4846
6286
1621
2122
5024
3258
6341
9392
804
7592
8740
3222
6969
2764
8239
3146
4855
8420
3778
8117
5433
3759
7917
4593
8127
4654
3125
3227
8340
9011
4475
7918
6267
8723
8063
8863
5367
8577
3329
2372
1736
8665
5839
5487
3385
8472
8351
1509
394
86
5409
2031
553
1966
9469
4383
2368
2387
8519
6345
881
3605
6201
3104
7766
6327
1146
9414
430
2567
1643
650
7683
7487
7908
8686
335
8136
1890
6853
9025
769
1355
7069
2463
6045
9309
7462
1840
4581
7973
5536
9484
6077
9208
5895
6835
1030
311
5612
2598
3787
1145
9714
4703
7981
6907
4036
3598
1578
976
5299
9453
3743
2516
5511
770
8673
3637
677
2106
1292
2635
5785
8659
509
7210
9706
3106
8698
3854
5825
1266
8478
1564
1443
5974
5171
6196
9859
3578
3154
8660
6588
9913
2091
7082
4799
3426
6268
2952
4280
7084
428
9028
6319
4267
1781
2712
3581
7067
9809
6846
2605
1784
5377
5885
6490
6340
3367
1016
1950
157
5521
6117
5067
42
2783
6538
376
9417
1989
5373
3965
4539
8022
1924
2569
7746
5541
5549
3235
556
604
4242
2760
6401
734
2665
517
1647
7630
5170
3589
3442
1448
9333
8703
5237
2731
6542
6365
5744
9261
9844
4194
4120
7715
5580
5457
3275
792
5244
5793
1197
2204
4351
4716
7167
549
9865
4098
3238
9240
2310
2944
223
2041
8883
684
4994
2577
5354
6692
4273
2252
2242
4153
7071
1002
2887
6354
2070
6801
230
8064
799
4552
522
244
3060
9646
4334
4899
5114
1588
8071
7019
3409
6533
403
4183
2923
3910
8580
6877
3553
4457
9738
3664
5327
2438
2867
7427
3064
8604
7090
1886
4932
5581
611
7698
6453
325
6318
567
5796
7387
1759
3074
4159
4878
6148
3697
6356
3934
827
8210
6591
9715
4
7443
6185
3481
8095
664
1844
1349
1103
8216
4244
9439
7963
6246
4269
8200
5056
47
1686
5042
4217
5589
4448
637
2728
9804
3571
7479
4131
6408
7872
479
8098
6881
1525
8000
391
704
6664
3893
1882
9383
369
5070
8889
5057
2710
6366
3562
9982
7488
8094
3870
5384
9391
922
2075
5742
3073
5267
5333
6958
6310
9603
763
4749
3108
7455
1928
198
8201
9265
1879
8073
7508
7969
2421
3974
7655
6323
648
700
482
5161
5075
8006
7801
166
17
8110
4254
5874
5113
7194
5671
2487
2078
2035
8083
5129
3351
8190
1641
6173
1211
8812
9229
7107
2962
9624
3654
52
6372
5285
2072
2512
3001
4575
3373
3178
371
4368
6712
4485
6516
9758
7571
2499
3988
3242
4807
5562
702
3301
4913
4502
3713
7527
6764
3640
7403
7013
9876
4113
362
7240
5048
2297
1382
356
5456
9283
2217
7624
9407
5309
1220
6061
6706
7376
8382
698
1457
5740
402
7736
8
1963
266
9567
2536
2621
3123
2332
7306
9995
8782
5773
429
869
6240
1493
5031
1273
3170
3049
5398
3377
3884
7977
20
1964
4793
9157
8333
8227
207
3540
7710
3671
5318
5873
5798
5190
8206
1893
6223
2715
7212
1820
7833
5929
4257
9341
2961
1416
3466
9140
2883
7397
147
6235
6306
4728
6657
6834
4701
4362
3669
7947
7980
2951
2200
9468
1622
7682
6945
7903
4889
2506
4390
6722
259
7625
6415
4507
5841
1991
1961
2347
7778
4955
9491
3156
6416
4140
3626
6156
3249
3541
294
8404
8885
9507
1575
1931
5439
5135
3143
2164
9627
685
816
6057
7166
2653
3303
4336
8326
4281
731
6298
587
70
2454
1649
3549
4594
8271
2194
8411
2033
5910
3680
6181
204
7653
4579
3647
9668
7396
9968
1312
9231
312
548
6759
8937
7638
8147
6624
9881
5483
8545
6520
1878
8142
2308
6505
6455
2543
3902
8858
5898
6412
6592
3596
9760
5272
3037
7332
1058
1344
3586
1636
2634
7665
8851
4290
966
2592
7990
50
3951
2338
7731
3695
3737
977
3913
4582
6500
4488
4514
3294
1993
5840
9834
2746
5984
1317
6435
9857
7102
6371
8222
1582
7055
7495
5241
9006
5611
1234
4030
1399
8957
4093
5713
1787
5594
1080
4205
8042
5027
5818
6299
6557
638
3250
3483
169
3534
4235
6864
8288
6684
2993
3405
9621
5206
2100
8236
2989
1693
5246
9337
5795
9525
7696
7595
6544
4836
5491
513
8140
5945
3330
4884
7873
640
8583
2572
3353
7053
2507
5328
9478
3450
8892
9746
8262
3724
1543
5334
9600
2660
6598
8800
6737
9132
4686
7221
4305
3118
1887
3394
8888
4975
936
9223
5117
3206
1841
8515
3268
6554
137
3940
4216
6222
6072
9204
2443
4438
2123
7773
6772
8804
1361
258
8419
4325
2914
5930
4650
8607
9541
4090
6034
3924
3358
4967
1336
9384
6270
4796
9110
634
9488
5231
7533
1452
4711
4572
464
8741
7329
5644
7065
7676
219
1645
720
5127
7063
1608
5955
4866
4456
5695
7769
3122
2945
1019
7520
3189
1309
9641
7607
5921
4574
6703
7350
3608
8035
4397
9118
9670
9898
3607
3824
4371
2330
8815
7882
4988
1034
6070
7268
4490
2287
3094
8595
6314
9375
8563
7843
5652
5957
574
9210
9180
1278
8710
3076
8157
7087
9771
9974
4869
1905
1537
8163
5429
19
8690
8852
3690
5567
6508
3982
2071
2787
6577
9816
7062
1427
8915
4706
4727
4903
9959
7875
5186
4790
8323
7061
4746
2140
524
5282
8623
9064
5442
5001
3157
4262
9098
3806
4088
1067
1054
5846
2309
5789
5968
7344
3266
2237
1633
8041
9178
1063
8771
4312
5704
5705
931
8384
7289
1237
1710
3566
5674
2818
8662
7293
7182
283
6903
1186
324
1799
3658
496
2245
9910
486
7012
5964
6393
510
7208
5340
8586
3674
234
3167
2927
591
3375
5091
7231
3019
8407
610
237
7575
5548
3133
3475
6545
9395
7026
1187
1028
6816
9501
6406
6300
3977
8241
2637
5559
6615
3518
2436
3730
1568
3761
7143
4948
9980
4888
7692
5595
1472
4689
9005
5886
7895
1249
4671
2939
5981
8924
7649
7953
1461
6721
5554
1025
1166
9373
1120
4213
8113
9616
918
7193
3407
4226
9744
2369
6880
396
6214
4222
6569
8926
6585
4881
841
2181
4274
499
9768
3225
615
7285
8101
9842
588
6110
1196
8801
2985
2834
8641
9303
2973
9078
2166
1352
7921
8126
2178
1347
6666
4330
8777
6928
1609
4137
8219
6628
7278
5273
7591
6090
4681
7385
3660
1812
8554
5035
4232
6855
2120
7015
1918
9767
9681
2581
4432
4631
9682
1662
4340
5149
7579
89
2234
6685
4202
2573
3090
5295
8809
3236
847
3758
5856
4990
7927
7565
2018
4587
5391
3535
4380
6217
3008
842
80
8488
5811
7834
2552
9763
3682
9442
4056
5787
1656
8175
9521
1720
9264
2152
1332
8433
7608
2284
9920
2291
2594
1803
1135
3187
8494
1247
1394
2292
2230
1377
1709
4373
2601
8055
2210
6100
9531
2089
1216
7997
3886
8643
3683
6177
2205
9935
5066
7202
8282
843
4788
8636
1712
9072
3142
4114
7733
7657
3231
6485
4110
4510
6897
1203
5520
541
627
2646
7338
2782
1470
1376
7628
693
8642
142
8495
9209
8649
4753
7735
9590
285
6170
3704
170
9152
5774
3417
54
4115
4871
5464
121
7660
2471
7171
3315
303
8458
4102
7412
3947
717
5226
8002
1926
7564
4643
1534
7431
4023
7726
5791
7258
3453
6432
7634
6295
196
5017
9573
5665
8313
8514
1583
5008
3115
3814
670
7150
6627
2006
6758
4769
9212
9814
9397
7297
8165
3418
9919
5055
518
323
7417
7857
789
1919
7671
2992
7492
6597
8336
4685
5806
3587
4378
7176
9846
3285
1020
6495
6472
8484
5917
2362
2299
7484
6351
9280
4462
1551
5176
8372
1131
1460
7987
9008
7342
9059
9773
1517
4921
9335
1499
1114
6608
6503
8278
1221
1286
9850
2607
8325
3165
7754
1515
5322
7095
7380
7992
3287
1906
6234
1648
8619
9580
1119
4317
6186
620
8473
2186
1576
9131
8229
4741
990
4565
756
3312
915
6152
9136
2668
9194
320
3340
6769
1202
350
7949
4209
526
8757
9002
1384
740
143
4482
3551
8864
7900
3912
1762
7177
672
5642
3556
9464
7369
7684
7036
525
4564
3496
3032
8622
4051
6558
857
1873
3410
7654
443
9561
6870
5239
6133
6529
434
5059
3194
3134
9355
680
8959
8105
4119
4752
948
1333
8246
9994
3341
8761
5111
1364
6662
9323
3192
3882
5062
2701
2266
4061
9802
3
5650
8240
9687
6728
4253
7168
8189
2376
4188
5677
1581
2046
8873
749
2285
878
9940
1469
7391
5678
9556
1992
921
8846
8775
6695
7238
6522
5915
5934
8289
351
1302
1976
1868
8359
1521
1552
6124
7447
3618
3749
7420
6595
2612
5721
3898
1413
5446
5858
1368
12
1184
186
5764
5148
6990
8337
1388
5928
9449
5477
6051
7881
2268
6139
4324
1306
9465
3023
8261
8715
5583
8753
8195
6896
2501
380
321
5374
7217
1281
5247
2570
5040
3490
4426
3878
7220
8808
4789
9085
1667
5162
9952
5653
9082
682
4256
299
6640
8564
7466
9091
657
3497
1198
5997
6280
3347
6344
871
9108
3324
1863
1512
8434
959
6885
8913
8398
4765
755
493
926
5577
2363
5112
3007
3212
2477
7180
840
4292
7245
666
8853
3936
7051
8824
9818
8669
5847
4734
4003
7891
4042
7648
2097
4009
3297
8655
7574
2370
3056
6910
2318
9146
4972
550
8664
4863
1858
8928
969
4391
668
6770
8882
8969
4576
6489
8167
9296
4754
4101
2735
3775
8215
6049
9724
5889
7262
2476
2375
87
3979
5021
6724
527
4386
1734
2744
4010
3751
2433
264
193
3860
7033
6449
3480
1393
6163
4758
9570
6044
1172
6134
2209
3772
6741
9057
1319
2678
9634
5561
1267
3857
5689
7788
8605
996
6491
6418
4688
6951
2806
2105
3958
5280
6020
5675
5601
4996
2021
3431
7646
1916
2733
5146
4246
3387
3174
1232
3620
7333
6581
2588
9679
9552
5301
8755
7919
4530
2355
2556
9428
4136
602
6952
8784
3655
3308
5249
6669
9301
8111
7156
8483
4466
5131
455
7086
3866
9092
3569
4343
6400
1240
8670
2247
5497
3612
8482
3784
427
5737
8435
5897
1341
6751
5988
239
971
5660
3881
6579
4658
9285
8232
5143
2857
3368
6660
2708
7688
7476
808
2877
1617
4906
5489
383
906
4541
798
94
245
4590
9222
7561
5482
7027
7556
4176
3041
1449
5178
2185
2307
3009
9275
8476
2964
5060
4715
7755
3568
6363
594
2821
6779
4048
1065
9704
7242
4704
8523
8425
1099
1745
2695
8079
606
3278
487
2983
3611
8978
4316
5174
2650
8899
9542
8942
3989
1630
2555
6476
7534
7524
3201
8759
1826
9142
7134
551
4951
9811
5913
9168
8954
4771
9745
1638
987
3005
5565
7528
8696
999
3359
194
192
3033
2719
437
3820
7937
9250
1822
9796
4529
6333
7506
8346
3448
7411
263
8747
6379
5085
5454
8391
8781
6890
1614
3081
4939
8896
9389
4394
5080
6074
416
8668
9121
9377
4859
8078
5037
8493
8218
6806
4740
3034
8512
6694
389
1760
4764
7347
9365
1722
8106
3472
7670
4231
5358
8718
2749
4809
748
4505
9349
5812
4926
8277
1569
9122
7493
2377
3451
418
7299
3434
7200
753
6953
546
9934
1828
4054
3890
7463
1522
9007
7448
91
6026
473
3150
6464
7283
9902
3323
4940
6861
3484
6678
8867
1942
4772
6212
5626
7975
7368
3931
4196
3983
1301
3004
8427
2214
528
6269
6905
5289
8455
8161
2198
3452
6290
2835
7774
683
6430
9402
1070
892
3401
386
4263
6978
6454
3298
8972
882
256
4451
3980
6889
6116
2700
1718
1227
3780
3561
2115
9992
6119
866
6180
4806
1348
9319
6658
5321
7940
2161
9381
8839
7757
3181
6407
8383
6145
2327
9922
1418
6644
2669
1490
4964
5953
3634
9418
5317
2754
6785
1771
8993
1102
4961
1985
1433
4887
7215
6793
3771
61
6309
7286
4423
6651
8828
810
5919
1776
3219
2924
4151
7325
1428
8856
2919
9660
8016
736
6967
8362
7465
3325
1668
2578
8108
6396
728
7277
4503
5751
9598
6176
1540
267
4675
2846
1180
329
8327
572
9989
7708
3336
9010
6009
1823
631
8721
1923
1410
8791
1275
3162
9749
3179
3379
4407
8402
5181
7750
855
1626
9938
4602
1392
7911
6138
409
4108
6734
4868
7190
4612
5537
3844
2540
2273
1383
7632
1754
6899
8496
6274
444
3503
3741
1398
2403
4691
5315
5687
1397
3735
2734
5242
2226
8653
4399
2196
4264
3027
494
8612
407
1510
7413
8902
1475
6732
6898
5638
9345
3384
1026
858
6093
9838
2360
9725
6610
6144
5823
6284
6757
8452
1815
1086
8118
4313
5753
544
2464
2163
7668
8342
9672
8779
5166
7507
4616
3609
9770
3885
7615
8640
6688
7366
1005
7191
7791
8963
250
1229
8424
5699
751
4073
9320
1765
6596
2658
1504
3593
4431
819
9403
5376
9159
3754
261
2609
4476
9694
6939
8729
1883
8516
6167
1874
7831
1813
43
3300
2618
4175
3909
739
6668
5296
5121
1085
2374
7816
6992
3532
141
2016
9915
8135
8991
4901
3841
1536
7109
2941
2280
3261
9061
6182
3441
4341
3922
4945
1106
2449
2039
5969
9352
6336
5848
6524
8819
6006
7152
9359
8911
3627
8596
5394
3650
9931
1259
5058
722
4277
507
3446
8057
36
2889
5533
2616
536
2401
7928
5952
3797
5555
9807
4950
8287
900
7301
1897
5076
8748
2057
8468
5415
1952
1050
2851
2137
7739
3918
5417
4986
405
4649
9046
2431
5459
7135
9129
3554
6132
6999
5484
9555
2224
8783
3563
4245
1386
4250
6629
2223
6574
5855
6150
2850
8821
8560
7950
9390
5151
3498
8617
2813
2458
4843
4416
4219
6647
2171
2819
4237
1123
9972
7406
988
2785
2044
9174
5670
8632
4928
4860
4429
3813
4760
9401
7451
7874
5834
1971
5270
7183
2723
7926
3779
9203
6682
2451
173
6698
8635
3949
9737
251
1741
273
69
4352
5232
4243
2603
2615
4775
2191
639
8045
2925
8076
5726
529
9167
1445
5268
7436
136
3956
1700
4214
5557
6809
6210
4551
8334
5972
2485
3376
7938
4561
7968
2721
2062
6739
6857
2643
6330
9688
6710
1435
7318
1061
3580
2424
3191
5180
8422
7259
4107
5392
1913
3577
5978
5882
9584
4141
5661
4645
1406
3944
8638
9942
9420
8466
5385
9431
584
2812
2843
9241
8225
9438
8375
7549
6470
8550
5461
837
2411
4126
894
4191
8711
1845
1037
3740
4039
8606
7734
2498
3185
8702
5234
5002
217
2702
8999
7331
9502
7264
6324
8365
8934
7782
4610
8489
1651
1652
3313
1451
4164
3087
4367
4778
8345
8875
6800
3291
4999
7765
701
8237
1763
5607
9021
3901
8533
4784
1729
8023
4085
3602
6473
4995
6813
7139
4857
1261
3436
6190
9886
8014
2442
4239
3946
1072
7393
9074
9599
4911
9699
7876
3199
7526
817
6054
7464
3052
6002
7582
1474
1773
4957
3132
3678
4215
8527
9613
7151
577
2626
2885
8180
5054
1899
8597
156
9314
7450
5360
6097
9038
5074
296
1904
832
3762
8103
1936
8891
9752
718
6970
3971
6982
9637
76
2886
5396
7247
8927
32
7449
8469
6095
9325
1346
3676
614
5257
1590
2903
1239
1036
6892
7837
3939
1639
2011
6852
4097
3595
796
3493
6929
2888
9638
729
6811
9651
8100
3003
8387
865
2065
2918
8301
1503
3516
9486
790
498
1687
3471
9685
7474
1303
6510
7620
6499
7030
2994
5474
8707
4840
459
8531
4571
4773
520
8244
1483
7619
3277
6386
3592
9617
628
2661
9427
9899
6242
973
9313
2353
7400
3196
581
9316
3252
984
7023
1473
4927
8903
2845
2184
7377
6707
6018
9102
7404
9022
1245
6612
2908
6879
4882
694
2118
5835
9090
2779
7904
8648
8008
125
4661
4247
4417
1138
2058
7543
201
5154
9897
6239
6463
5356
7132
5896
4708
2832
8269
4919
6854
9033
1101
2386
4321
8295
5672
7925
5805
2051
3378
5412
4478
1324
7049
3354
8637
2809
7324
9306
834
8324
2132
2241
2879
8205
9329
6083
1257
3202
6762
9149
6562
7971
4495
1173
1650
9060
6370
6805
5602
1984
7532
210
7141
6111
4358
9071
8143
9001
8374
5046
6142
8842
9575
2315
9663
8995
655
7077
7752
599
8286
2366
5992
9276
7441
4709
5881
3403
2525
8965
3808
342
876
5251
3203
2107
7304
8360
7213
9731
4664
4924
2826
9806
5443
3276
5734
8526
4408
6752
7663
4074
2415
8857
9156
8930
5566
8184
9750
2056
9526
1526
1253
2979
1482
7841
1210
9177
5801
2522
5600
6467
9368
9451
8764
9432
7196
4781
4436
4791
1889
5614
944
5963
4286
2600
4005
2349
4966
8505
2437
7261
4697
8742
8798
8737
3837
2871
8940
4058
3801
9896
9832
5584
4621
7121
5948
7271
6750
7958
6887
6369
4820
7948
9069
8479
5082
8861
8943
4821
9422
9563
3184
1279
8321
1880
4890
9516
8149
7320
7075
6904
5872
7848
7470
4078
6576
4528
3529
1403
4603
607
2619
8284
7112
1444
2357
674
3967
4672
5604
1014
107
2470
8492
4082
4198
5395
6775
4969
3361
1830
1865
1038
8097
7209
5095
3396
2160
9086
6619
5703
2737
8709
1255
7383
7058
2589
8297
8716
8680
9978
879
2547
5043
4723
9926
5089
7471
890
3084
4033
8251
5025
3085
7178
9649
5646
3567
5993
9186
2420
4800
4497
617
7922
106
8676
9665
1980
4379
7162
7982
5223
9197
4521
3311
387
9512
9396
3160
2465
2351
3573
665
724
1646
5467
4230
6541
4912
1079
1566
946
7727
5096
8467
2751
3286
4875
6613
760
8223
7604
2134
242
4323
9652
8879
7237
6245
8909
7188
7523
9461
4015
4480
6066
712
623
5935
7073
5068
6122
8125
3197
1350
2009
2404
3082
2244
6686
1363
1625
3928
257
1223
2394
6375
1975
4614
6965
1659
940
485
2256
3773
8332
6607
5274
4339
5311
9215
5265
7985
8806
5332
3805
2789
5432
3963
9237
1902
3728
5209
3348
3617
9067
1548
1206
3750
7756
2730
1060
5337
5133
3183
1339
3188
9754
5576
9148
9999
3239
2047
2551
821
3966
1233
8164
8396
9207
6409
9578
7052
1051
2803
7909
3734
852
4719
5364
1529
2639
4469
812
7786
2502
9849
1494
9385
5911
6765
2500
3873
5862
3460
9761
5718
3925
470
8012
9138
7717
6387
9781
3651
8430
3399
4824
8018
1550
164
7211
3067
1168
2998
9593
1357
758
3888
1179
3708
1666
8373
9305
7327
5777
2060
9369
72
8820
1235
7170
2901
271
2055
7675
7290
4298
1798
3465
9382
6255
2620
5894
5079
502
8572
7640
7228
1117
1447
4630
3629
8574
6845
6700
9263
7089
2699
9848
5359
8504
3283
793
6954
2912
9709
491
775
6849
762
6902
7621
3337
703
4954
9947
7932
5883
7029
3223
4002
3057
3733
9084
7501
8712
1986
5508
2417
7504
6355
7849
2726
6031
4145
3309
449
6729
4648
1664
1097
6494
8827
2208
9609
807
8646
3281
3816
1849
6553
4929
6987
7910
1481
3855
3542
3322
8855
649
3862
2602
262
5610
5668
3360
8254
7642
6417
7001
8389
4853
1594
1370
874
9566
9901
5754
8805
1217
9125
6337
3832
1628
6894
9236
27
2272
2298
4483
1171
9421
1692
8738
9221
2262
8056
4542
3280
8212
18
5355
4065
4021
3584
199
7068
2444
1011
1958
9592
647
9780
3720
5901
345
68
113
6733
2515
3343
2393
6761
5750
6315
3941
8256
9062
8793
8394
1679
2040
9398
1044
9577
6425
1109
9191
7554
2537
3113
8831
937
7547
2489
6824
950
1021
1092
4203
4076
6817
8961
4997
6565
1996
6909
1442
9324
7422
9017
2514
6833
3739
8204
6303
8418
352
4393
1208
9308
3828
7560
3631
7525
7004
2406
9492
4350
2255
7246
872
4106
8033
4934
6693
3668
4989
7931
6638
5547
8255
9538
6004
6502
781
1340
8013
2422
1192
2676
875
2005
1205
4309
1258
8092
2398
8303
3070
4355
9666
4519
1979
7155
9058
5284
132
7712
4443
1294
4453
7461
6068
9347
4161
5788
373
2984
8020
3423
8090
3544
2510
5803
3381
9870
1189
6060
547
3929
1282
1695
4959
8226
2774
654
1225
4813
8050
1925
6155
6461
7243
3251
4733
5875
6391
5205
1082
8697
2781
3585
9075
5814
5598
5238
191
2550
6102
5013
9976
8921
4224
3746
4983
6241
3482
1024
4638
3661
3599
6911
3673
2435
2778
9322
1252
8652
2043
4177
2233
6179
5513
4268
805
3926
2849
8621
2261
624
3875
9172
475
1611
6178
4221
1528
370
4272
3597
6382
3257
5499
4802
4687
6866
7457
5140
2729
4534
3469
3318
7076
3570
9399
6378
5973
2937
8197
4692
4445
6925
4953
6123
3412
6108
2804
6655
6993
2869
6073
8799
3035
6238
8104
8897
6975
1970
8958
3428
3691
1421
3536
1091
2948
632
3120
7906
4536
6913
1938
6679
9546
4817
4441
8102
5201
2269
8061
7680
9424
22
5822
5248
236
1793
9043
9776
5323
9988
3021
9943
6847
2324
6153
5609
9840
9677
8593
8027
9836
7189
1618
5502
5423
5617
126
4625
9205
2296
7677
2108
1827
8624
6672
8620
5016
2339
4991
3616
3158
1331
4053
5752
4831
2002
8767
3731
8790
1178
1328
8916
2796
6140
1635
5402
5243
6015
5530
6438
9693
5892
317
5498
3736
8774
6826
4745
6305
8625
9861
6071
1577
6536
864
9049
158
2321
6402
6414
7028
6312
6803
9294
4035
8217
6486
110
4750
4620
3986
6859
1094
8070
8416
9073
7244
1353
1078
6731
1514
5729
7781
6843
9115
1137
5797
6326
5350
6966
6022
2756
5510
9828
9740
616
3502
9562
35
9979
2289
3065
3588
8004
8491
1806
945
2930
6
9549
9619
7818
5804
8608
3107
8306
8380
3078
3204
7341
8600
7395
3246
7453
8207
9367
447
8535
3636
1872
7374
9269
2456
3960
4937
6974
7018
4526
7503
8699
592
7979
1862
3096
1045
5020
1238
7346
660
6659
7707
2703
6796
3646
1601
9415
8557
297
3903
8449
5310
2788
3715
7423
105
9176
9023
8432
7813
1607
521
2053
5980
4805
5287
9445
1087
3560
92
1073
5073
53
7784
7002
6296
8840
4442
4527
5707
8395
2094
542
290
7796
5613
2157
3874
9245
3320
4722
820
7352
4472
4936
5283
6358
9351
2201
6756
1164
1851
2400
8661
6471
9642
5746
1313
480
1307
9224
1359
8119
3180
3043
2382
7641
7966
3153
8075
5345
1066
885
6637
5850
6043
23
1495
1748
1747
7322
8823
3054
7588
7878
1867
2389
3295
2293
9998
6781
8908
5216
5692
4301
2725
3645
1587
9193
5195
7751
1732
5228
4504
477
7163
366
5026
8160
2073
6556
1183
2747
2770
3044
4522
5279
9183
2878
9973
6496
752
1209
7248
4461
175
4094
506
8068
8566
773
8085
2282
2125
7335
9199
8592
5110
9726
1270
6643
754
3711
8989
7559
6091
3129
5606
7226
3265
9747
5401
5906
9327
7720
2559
7205
3198
4392
5271
2623
4858
4291
7113
5590
9862
4757
364
4896
1335
3415
8571
826
1589
6080
57
1338
1708
7265
5851
4608
2170
9376
626
9312
3879
2239
8713
1533
5515
4306
1241
7722
304
9093
7930
6977
7600
6498
4525
249
3774
9997
9587
2982
3138
5278
353
2772
8247
4160
8392
5909
220
9455
1462
84
8024
4338
462
274
3794
5107
5413
8906
5227
2519
2882
7952
3127
1277
2414
9485
5335
469
1429
3398
5416
5790
1519
2182
3176
9607
4762
861
9466
6511
6062
8439
3105
3053
9503
4377
8477
1116
8568
3999
6433
4008
5666
3905
6957
1766
1769
8836
3307
292
2013
2553
187
4452
7022
103
8688
3852
2049
3137
6292
4075
2423
2517
3456
4501
4134
9839
4041
5852
4513
9130
9015
181
355
1616
7597
6443
2840
8088
7218
5164
6578
6291
8708
3470
9356
8692
1274
8835
6030
1780
9520
62
8423
3798
5120
4318
1911
5512
5215
2526
8877
9426
1922
870
8752
8983
3954
8211
9277
6593
5922
3305
5620
4553
1808
5426
295
8575
7652
8949
1690
9565
8462
4947
5300
8089
6807
2229
3649
1786
5379
4867
4848
3869
3833
330
4797
707
8350
9674
3344
6956
5691
5733
9916
2101
2868
9664
909
7124
3942
5325
6361
2931
8736
7983
9055
533
8329
6983
3439
6778
8724
5236
4287
8292
3622
4559
5130
9932
5783
401
967
5319
1201
5196
7496
6633
8463
9278
7989
8832
2996
6614
2584
5688
9604
456
7298
4129
733
8318
8486
9632
2222
2671
1599
3548
5781
15
3871
8997
167
5908
5698
9956
7314
3689
4158
1586
3338
2003
2275
5286
5634
6216
1465
2257
4278
2861
4304
8440
1511
8307
1524
993
5092
9703
3994
1538
7203
1323
5960
7384
5197
750
1295
928
1064
3114
9742
4293
9496
6143
7542
6390
2354
6383
6702
4828
2225
3316
3024
8188
8208
2385
483
964
3889
2847
6828
7204
5802
4449
6802
9594
9583
3402
782
6930
1296
2099
6271
1133
6038
8019
1738
2905
4580
8923
2391
7498
4144
7399
1869
5615
3770
4570
7279
9139
3051
4297
4266
2718
9459
1000
5152
3145
8258
5217
7079
3110
7742
9490
2142
7172
1848
2408
4662
2839
4822
4656
6413
3356
9504
64
6583
2960
4081
6949
7804
3675
6673
1689
7805
4288
6084
9911
215
8599
7838
5344
3321
235
1090
5453
3726
2426
9775
8859
7713
7276
7955
6714
4698
7375
4356
1379
2427
1634
9404
8615
5480
2916
4331
7308
833
3615
9095
1006
4150
2303
6128
7578
7552
795
1684
9729
4311
9890
6289
1456
313
5160
4328
9532
9879
2571
1161
9120
6621
2677
6995
1254
8900
4420
3161
957
5411
8150
4569
3444
1083
5452
6184
3240
8639
7294
5010
3515
7148
4439
81
7512
316
160
8146
56
377
2348
7569
8848
3677
8765
6307
6218
6168
978
6194
188
8283
9230
11
6019
4037
9735
8534
6782
8675
3259
497
1680
3710
9284
2173
9040
8280
7864
9287
3339
6419
6789
4026
1017
1501
1297
289
7
2527
1770
1565
8141
5709
5472
5817
4973
6543
339
8080
7799
6919
5545
2674
7602
9734
4357
117
771
3109
9684
8450
8758
4659
1593
1148
571
9728
5676
9853
5540
450
5819
1783
73
2343
2179
7914
4819
1852
8678
835
1008
3672
7764
8955
9493
962
6923
2579
8152
6032
4366
9751
7709
6424
6865
6943
2020
6064
2848
7302
7563
7995
8633
2126
7916
3565
3454
6478
3666
7048
8787
9960
4410
2784
8499
6451
98
2082
5047
3269
8844
9821
277
5592
3400
5466
9576
5523
9048
1369
845
5710
9166
1155
1945
5663
7428
824
3572
5261
9246
435
4103
6431
9104
2432
2088
3514
4714
3131
4491
9248
4125
8976
6836
8785
6347
4464
8279
3995
2947
7136
2493
1702
2864
8120
9413
1031
9056
2686
6334
9813
3254
9858
8460
4941
5506
3205
7962
7810
1003
5405
7263
348
2167
9242
7737
9144
260
5387
2842
5471
8259
7032
6266
2714
2972
5389
6308
2466
3270
2145
2304
8542
3392
7481
4756
7282
3959
8249
7164
4669
1682
3369
6264
2467
6573
4573
597
7000
6979
3097
6198
7637
2175
9662
9500
4415
1081
1142
9173
3495
1912
5654
4012
6635
6560
8414
3547
3016
7250
2111
1304
5616
3745
4233
7140
5578
8448
4633
6101
7933
9179
5933
1316
5380
1289
5494
863
4609
4481
4646
1795
3463
357
8194
4185
5023
2794
5102
6115
5007
4138
4780
4568
6818
8975
4782
7392
1199
7887
7803
6661
7540
4874
6154
9030
2870
2086
6397
695
7998
8644
5975
8356
6683
6626
7254
2690
9894
6224
1305
2958
955
5542
1150
7386
5643
2833
6426
1272
7993
1949
7650
8213
8245
4369
3782
589
124
8121
412
5421
6012
7847
1498
9536
3046
5224
5065
9441
9143
7008
7085
5139
4667
7223
2317
8845
1644
7776
669
5125
9454
7116
1154
6302
212
4251
431
7912
4052
5531
2597
6399
7439
3786
3166
9256
7408
723
2981
689
286
8366
2928
3126
4499
905
9170
9543
2468
5712
3511
8250
5632
5435
3687
2138
7251
2766
8681
5998
5711
8185
1965
8582
9710
2010
8682
425
9739
1264
46
8573
1182
564
4474
2301
7529
2890
7623
226
7967
2480
5147
1678
851
6716
676
5064
6036
7994
2815
1446
3795
7300
1983
598
1624
9227
6439
3933
8390
3148
4468
4500
381
4970
1374
3810
2283
5597
8982
5086
6630
5349
2697
7544
9692
4759
2213
5187
6250
6935
3621
859
6532
6048
9912
4389
9019
2713
5078
3299
6395
1440
3163
7611
5903
3083
2922
7763
968
3505
2624
3851
3459
5792
671
6839
9971
715
5916
159
6285
2792
9471
5649
9387
1714
2696
4795
8986
8399
6776
1284
7902
1756
5281
1553
9517
3696
8314
8789
4118
1122
5445
7656
2059
1523
6067
5213
831
1661
6917
7787
6199
2364
4508
595
5728
7323
7964
7336
1022
2085
1455
130
1149
1739
1696
8866
1592
1685
4248
5522
7418
2143
6483
1048
7814
108
2341
4068
983
3699
4354
7865
439
5743
4509
7699
9855
398
2193
1699
3159
6398
1430
2342
6263
8841
7728
6754
7772
4615
9457
2446
7491
2666
568
8243
2956
7797
375
4084
9953
9081
3234
2629
6149
463
7811
6368
5509
4109
6602
1737
9083
9535
1151
8720
2533
3714
410
7480
4877
6086
3244
2630
974
4893
8162
3220
205
8734
6617
9534
1162
4353
3020
6858
4091
7651
6165
4070
4190
4717
2564
4735
7410
1113
2892
3575
9310
552
7748
9195
5684
5816
3173
883
9784
1785
1908
6740
6539
6535
6024
3800
9371
1023
8248
537
7691
9810
4460
5716
1937
446
1395
2074
8756
8093
5859
925
4933
2790
8874
2881
7472
4834
839
9446
9217
9497
3168
4038
7287
5177
5936
4935
4635
3830
4130
4601
889
6436
5965
3948
433
9437
154
7550
6799
5153
823
9695
7996
2095
9835
994
7197
3619
7603
8081
3092
605
5538
8285
3289
3897
3492
5866
3843
4738
1139
6339
4532
1055
2008
3365
1797
2880
2586
6780
8312
7951
4549
8797
8178
5033
4300
4271
2742
5414
347
1591
82
2300
8393
991
9353
1560
1824
8994
4279
643
8465
6205
5505
5979
9801
6677
8159
9106
6357
2935
9226
5585
9137
7636
2672
7695
5902
5991
924
3519
5749
7581
1866
2455
4206
6506
298
8695
9077
7059
2092
5877
6243
2133
9723
7789
5579
8405
3632
5876
2873
7509
532
5293
897
6320
3630
2971
6458
4850
9298
9690
2249
6313
4022
1380
7945
7094
361
9460
6564
2045
21
2054
9147
7768
6641
9436
5702
6367
4071
4471
3489
646
2986
2824
8822
6932
7794
1230
8878
2793
9087
1903
3141
5556
3389
1987
3863
8803
822
1047
6075
1811
9686
4197
7091
9462
5014
9452
2129
3610
8421
2920
6293
8701
7142
3601
512
6773
4186
1705
2243
7587
5437
5490
5155
6028
8291
6193
7039
8614
6812
1010
3950
6056
6380
2117
3953
3357
5072
2830
1459
3557
1143
7147
1750
4787
9514
7115
472
2684
7402
7823
4066
1956
7007
6901
4617
6331
3604
9330
1190
9041
7060
8276
3433
979
5995
1563
2631
9154
8513
3961
2907
7514
3796
2119
2190
9884
9605
8733
4329
146
2409
6838
460
8829
3827
1612
1856
2290
5838
559
5986
9192
3978
1896
2153
708
7225
4585
6701
1213
2799
6329
1584
5619
927
153
8263
9921
7732
6035
3029
4346
4370
3850
2853
4032
1071
2632
727
3068
7978
9274
5571
3494
9134
6197
4768
6998
3907
3752
2614
8054
2717
4124
6213
9786
7599
176
2294
1400
8683
6820
228
2711
1914
3421
2235
3829
2220
5976
6746
6475
5463
743
174
7192
5003
7806
6104
5514
2640
7382
4064
1500
5362
6774
802
7175
5438
4404
55
9281
1567
3478
2495
1778
4007
8437
6272
6783
8585
2215
4604
3783
8352
3026
9833
3462
2211
4555
3993
6079
5694
1673
4034
8714
1326
7897
9825
8522
9655
1480
7064
8985
9447
4729
3643
7991
4892
644
3665
917
2855
965
929
8131
6001
8893
3742
2176
1181
6106
8529
2745
7905
4684
4100
7416
2478
2453
8795
956
6552
6135
1419
7321
3781
3420
1271
4710
1366
1894
1513
3872
5473
7724
5575
7892
9963
1093
8193
1555
7946
278
7566
9764
8376
9673
7272
5403
1860
958
8941
1409
3128
6017
9608
9950
5004
4979
3919
9540
3718
1875
120
3025
5938
8431
238
4607
5918
8870
6786
5077
9244
2334
8666
5516
4069
6567
3705
8028
229
135
3293
7573
3364
6863
3531
6937
3256
2732
4388
6623
368
1707
3583
6169
7522
4135
6715
2949
5034
5229
2259
8704
814
3319
7477
1015
9961
5686
2379
2418
5
2050
6159
583
4777
2768
4917
7288
6895
9440
5338
5440
1479
8719
2991
9474
423
2613
9657
961
508
6127
2288
8551
6191
9101
1283
3747
3712
7099
6955
9852
7807
1735
5780
2174
6900
9489
1110
1502
8817
6514
8746
2521
9434
8555
9251
3639
3135
9885
8548
9585
2575
243
1531
1855
6810
6587
165
5240
3002
7025
1096
5727
7839
5517
2898
1809
1484
887
3864
1898
3522
9701
5944
4450
7364
4167
4814
2997
997
4260
7031
8328
6137
7414
3972
5036
7576
3703
1315
7622
815
1850
4444
6457
1193
9480
1327
8268
3686
9014
359
6748
9506
5194
3346
9774
2810
4626
8209
4520
1175
3766
346
4387
3904
4376
1629
5966
2682
9321
7367
7096
3700
7173
2720
1136
3416
9702
1360
6515
9487
5098
5455
2970
1134
8895
9667
4072
6871
2087
128
3964
9713
4077
809
2048
2761
6986
4458
6530
6590
2150
747
1977
1486
7661
7879
6282
645
9386
4282
111
1204
360
9202
9357
561
144
9366
2595
3397
9589
1920
5543
1381
1871
9700
9554
4810
4785
5366
4506
1955
6914
6146
5641
3491
1724
9631
5137
2980
8936
2135
5199
9286
8009
1518
5220
1859
6099
7929
7499
8087
7041
5132
213
9586
2429
3952
9990
5563
5956
920
8115
8645
7432
8412
2258
8881
3756
9878
4405
4422
225
914
4558
4880
8176
6831
2034
397
7398
5105
3930
8221
5501
4676
5094
4644
8481
7795
5767
6934
5122
5551
8552
9206
309
8559
9782
699
942
3513
2340
4025
4348
6141
895
1226
1657
2396
7405
6160
989
844
6348
8053
9615
5168
9880
1944
6680
8124
780
8884
2473
800
4201
6512
1088
5370
1932
9676
8471
2197
3455
5826
131
3906
7519
8196
5560
4829
2802
5635
7761
6742
8650
8202
8107
4832
8960
3408
8654
1892
8594
5053
7122
830
7596
7343
6078
5230
5608
8114
5331
4276
5156
711
8541
9918
1573
1968
5101
2042
8917
3022
794
5184
6335
7679
4403
5582
2705
5212
9364
6950
2383
4283
4639
8145
9628
2278
1049
4006
281
3777
1041
963
6384
1076
9903
7224
8426
4133
7702
332
2469
1401
6007
6042
3468
7548
2727
2015
5962
1835
2352
4563
5408
4731
3793
2987
6059
2968
1390
133
2030
2311
5204
721
440
9311
6561
4992
4013
4473
9812
1818
5343
5393
34
6107
980
2052
3698
2064
8739
9854
6411
1794
9429
2025
3641
1717
5495
5591
9161
3836
5636
4533
8364
7348
9114
4004
9791
3190
540
1917
7869
9841
3066
8029
7010
4398
1927
4027
5460
898
2797
5518
7689
1847
8530
5422
7230
9705
2856
478
3306
4653
2177
4873
2638
8475
659
9558
1727
7644
424
1402
2156
5657
9829
4395
9331
333
8547
1337
9569
2807
5104
7426
6096
9372
5185
327
1496
6642
6504
8609
3845
231
9905
1930
9524
5103
6884
7365
933
9528
934
3229
1115
382
2649
2897
3822
5887
7883
3010
3600
7659
4770
3332
8579
3130
7241
3507
1130
4743
3846
7694
5303
1957
8275
692
8355
8144
2295
5932
3809
1318
8538
7303
8369
4982
8590
2859
4249
1075
4885
3182
3512
2246
662
6704
7854
9625
6991
9066
2771
39
7114
2915
735
2316
8304
5912
1251
2858
3644
8631
4763
2955
8770
7852
9906
7767
9582
829
2822
5860
8769
5905
2633
9291
1775
1761
2007
5629
4302
5529
8705
3839
1606
8441
420
4259
5923
7179
5418
7530
7809
8537
7819
3908
7860
8109
7284
3124
9109
5775
9358
8651
4496
5815
5179
5424
9949
1029
1572
625
4712
1489
8802
7674
8647
8379
7513
7673
6253
2739
3210
6208
4210
5425
5363
854
1658
5316
3247
562
2946
5765
5696
337
343
4218
6162
7011
6675
1373
265
4739
421
1947
9523
6804
8796
25
6237
8811
282
2825
656
8717
8528
3550
1730
7920
5252
9889
1345
7100
8890
8728
6547
4879
9458
6876
5524
2203
5298
4726
1694
2831
9036
6202
5865
6922
5090
2474
3395
308
593
2641
1488
7038
5942
1663
5731
6873
6696
6058
8951
2158
5756
4655
2820
6940
8377
9985
2969
4187
254
5336
268
3430
7381
4665
7647
1218
1711
6161
4628
554
2371
1973
8123
2917
9696
2943
1654
3193
2841
9020
9847
4308
5339
3916
6410
8876
7125
1613
3098
3071
9618
9124
4956
2488
2313
613
1185
2425
3826
8988
3030
7056
5937
4915
7821
6921
633
2314
5049
4199
5128
8169
7586
6121
3537
1365
5496
5404
1749
8381
1320
9718
6404
6027
1909
9126
6771
3642
8854
8672
9789
9928
1832
227
3917
2496
438
3424
9302
5685
8388
7802
7307
7088
4063
6571
5786
4512
6844
2036
8338
8186
8569
2520
9658
4332
3721
6349
7249
4498
8173
6908
1431
5447
6976
8040
5824
1791
856
3429
5263
1176
129
6055
6946
5365
2709
4212
2109
916
3151
4363
2965
6681
709
8444
3260
8498
6039
3414
2144
1948
6126
7330
7835
1631
3274
2817
2183
4776
7785
4080
3467
2165
2741
4342
8052
8786
149
1124
189
3438
6944
6829
2004
5719
1128
2583
7110
7859
6823
687
9505
1329
2755
1706
1805
4152
1545
4019
9815
2645
4898
7959
7339
7269
3345
785
6985
385
4427
9661
1356
417
9135
9647
4894
38
2024
2906
1372
2139
1935
4204
7106
2076
5100
3169
6631
2151
8086
3271
6822
9080
9260
2325
3186
3525
8546
8503
340
5175
5926
7438
3214
8436
2148
7316
1387
9787
4517
981
2413
2976
4783
3362
4172
8946
8260
4916
850
4908
501
4303
5258
291
3667
7704
4657
8544
7510
8367
9162
579
9232
8914
2800
8506
3334
7292
5005
2202
5605
1834
7093
8735
4200
8415
9614
140
6787
635
1723
7494
4406
4632
8532
3684
6575
9233
9837
7458
504
9394
7233
8153
3331
5717
7693
6394
7127
1907
9868
6209
6808
9317
2780
9518
8137
5667
6584
3811
3856
7407
3413
1542
3576
474
4049
2063
4949
788
6244
6705
2862
5503
6605
1415
1194
6225
6891
5519
5625
41
7328
825
7558
6446
6040
3352
2017
2518
2264
5708
7234
1293
465
5346
6942
2876
5849
992
6011
4690
6788
4577
3045
4440
8613
7020
5961
1314
2344
183
8058
3391
4946
233
9346
6794
4347
5069
3211
8830
4545
85
5778
5138
3623
2667
4845
6041
9944
9955
783
452
1999
2367
2026
127
9639
1169
3284
6304
1219
578
7972
1836
2019
5045
6709
1864
4827
9153
2753
302
9547
1767
4028
8074
3342
177
2216
2680
9644
5776
2231
7570
8558
8039
1042
3011
3638
5159
4375
8869
7580
441
3458
6927
6959
4523
8618
3476
1200
4837
514
6352
7617
1077
152
1728
1231
5763
4299
5378
2808
1167
3834
8953
1147
9065
211
8348
6082
4702
7098
5329
2675
4794
1782
2541
3803
9527
8290
3911
6912
8501
5348
3095
8813
4732
8807
6469
2786
7394
4123
2169
1549
4344
3998
8130
4849
1853
206
6988
746
3506
4742
1544
4826
4666
8901
686
7536
4923
9198
3292
730
2361
9636
9909
5297
4907
1105
4228
3422
8887
252
4904
5504
7749
8400
6421
5302
6851
8148
6850
7545
8766
3530
1391
3804
1485
6069
8922
4668
2037
4891
3279
2195
3116
7593
9907
9037
7779
995
9247
8154
3717
1108
7723
9408
8030
6466
3103
2441
1716
7227
326
3528
3835
4540
9675
436
3055
8567
5630
7206
9063
8794
7598
985
5134
4660
1580
5985
9255
3755
2227
7861
9164
7081
8553
2141
7153
4092
8754
4930
6497
6649
3791
9937
5939
4467
2872
10000
8838
5544
6792
4591
7610
388
1637
6192
275
7045
2896
3509
1857
7066
5588
6501
8725
7146
7944
1774
1487
2472
5996
209
3031
6872
9508
7207
2219
3012
9743
5304
1600
2757
1059
9966
2689
5879
7577
9145
1870
2032
9293
9160
9169
445
6076
7614
1715
6151
1755
6652
5313
1838
8128
5202
1951
6021
4385
2509
7716
3838
3042
3006
5115
5214
7309
5659
9736
8179
109
9279
9184
3880
9986
919
5507
2460
3729
6747
8234
4044
6215
6025
8834
1052
2910
7363
4310
3769
8252
168
8788
1929
4592
759
9783
9216
6085
6422
6321
9482
8457
1530
4761
8743
9917
7021
6743
952
7456
216
4337
7232
4515
3464
3865
9803
4918
8349
3877
9218
1978
1995
5864
8253
7827
6509
9732
7585
3968
9498
779
4149
681
3310
9795
8046
2116
490
3440
3521
3558
8010
8706
3088
5011
8987
5679
558
9448
954
5647
9730
2528
1280
1466
318
3693
2679
33
2267
9475
9993
1432
8172
7158
4154
1556
1463
190
6256
4234
4550
7388
6767
2627
9683
6559
4897
9003
710
4225
4018
970
1405
3868
7609
1933
3653
378
5813
9509
4634
7074
4424
9158
8847
5222
6429
1681
7003
6882
5867
31
5448
8069
8049
3435
4252
1132
2657
2069
2457
9290
29
172
732
1698
4695
13
4320
9759
67
9596
1677
7040
2253
9533
6109
6749
2188
7267
1877
867
6462
4673
3209
6645
4428
9225
6525
2740
6112
3327
1801
3517
9678
3195
8037
4792
2828
6003
2384
9374
697
2534
7037
585
9171
2865
2554
9270
1943
3302
7005
776
1478
3579
2428
6570
7711
1396
1507
3208
4886
8931
4566
247
1001
5800
774
8032
8485
9945
7939
9777
1837
1842
6374
7678
2698
9211
9550
2358
8810
7216
65
1603
6868
1043
2492
4435
5225
6247
2000
4670
5210
4700
3606
1243
5347
2775
3164
3093
8151
8134
8133
5012
4747
6766
395
2232
3018
1665
4181
3799
4455
3792
7643
2929
5831
1721
4511
4413
4724
9163
2271
9851
1807
7812
3973
4156
6206
4433
9799
7154
1163
2102
8837
516
5982
848
9026
6938
8945
5015
6373
601
7337
9951
3662
6385
3894
5701
5369
6474
384
713
500
6487
7613
8629
7741
3221
8171
1562
4000
5747
1265
7160
2659
7870
2373
4489
7291
9133
4419
1074
9967
7469
9769
151
3867
5000
60
2312
2513
2795
1288
7626
1546
2814
3692
4978
4127
8507
511
9957
2752
8576
4211
6667
8850
1269
7960
3449
939
2068
422
453
1098
1325
4086
3215
818
214
138
162
5088
5599
8122
4751
2207
5621
5954
5388
503
9253
202
3488
2852
5907
5888
115
3411
2687
2461
8694
6114
3523
8974
426
4678
3559
9016
4447
1107
3355
6118
2934
1244
8929
2077
3101
4029
5941
6046
6755
2416
6653
6994
6005
8267
8872
5428
4524
975
9096
1940
3282
344
2636
3883
4699
7351
4143
4040
9472
7035
4567
5106
836
7719
4839
853
3970
7119
629
1246
797
8871
2448
3069
182
9557
9785
7974
6219
5645
8428
7890
1753
6322
3366
7174
9548
3823
24
5837
4707
4171
466
6273
3000
8671
1598
5842
1170
7568
5200
1520
1959
4679
3688
6258
379
3788
4804
8170
3112
155
1095
7584
575
1688
3707
7433
2251
1089
5871
972
4808
4463
6961
7894
9175
4087
3121
600
4345
3896
1751
5372
2322
3812
6883
2014
5288
1285
4981
5009
9190
8298
3701
9288
2758
8300
9425
3915
5390
2654
276
5925
7169
8540
3628
8996
9024
2359
5658
5492
5624
2279
9271
5290
1746
2508
2549
8744
5410
90
8760
30
8005
8220
3149
9299
5183
6540
6874
4611
8082
4636
7557
1140
716
7924
3288
9113
5163
7201
1425
9733
2791
4537
1426
7118
2482
1817
6735
6550
8616
6687
489
3213
7072
5745
9875
2777
2319
8601
101
1414
6420
2999
1408
1263
5386
7798
4223
557
2250
5730
5833
2860
4493
5275
8233
4111
3984
904
4178
9717
1156
6389
476
6650
6924
2
9430
6639
5450
6625
3590
9259
7899
5427
5493
9000
1602
9340
8158
4922
7046
3371
2599
4830
4014
5880
200
6252
8935
768
7516
9984
5173
2773
3230
7317
1287
6997
8077
1974
9874
3393
5640
8905
8979
4208
4557
5720
5766
2767
8116
6301
1417
1941
1972
2940
7884
6791
6204
9068
3485
4275
7266
4236
7149
7187
7511
7379
4588
5827
6081
8674
3038
1141
4193
2459
4816
630
2328
5182
5759
8031
9722
9272
5857
1946
8919
3895
6480
5305
7718
886
868
5351
5259
2563
7097
7792
9793
1997
1157
2891
2484
7009
4677
4174
5441
3486
3262
7800
2899
2798
7126
6047
1012
3614
5118
3555
9111
75
6867
51
6287
5697
1725
7419
3487
8497
9027
573
4562
6254
8036
1308
7129
8099
7357
5420
2642
5748
2608
3040
145
4414
9511
5308
943
6926
9602
4942
7044
9034
9800
5326
8500
3790
4001
3603
8689
6460
828
8330
7305
5050
5844
293
9856
7078
2434
1477
4647
4229
7965
354
8446
9939
2706
1343
7467
3943
338
6618
5219
5277
2884
9127
6916
5188
3172
9112
3059
3111
7986
6665
5218
3072
8294
5262
414
3802
8257
8138
9797
8984
3633
6648
5307
8060
9908
7546
2276
3564
2593
3380
9052
4055
2988
6725
8155
4909
2027
4117
9339
404
4870
7483
622
2240
2306
3849
4696
9958
2610
2548
9214
2503
4418
6113
8429
9606
7360
1127
7312
8470
986
5353
8034
45
938
9864
5108
6989
7669
2938
5810
7820
5469
5631
4062
5971
6521
3218
1424
2544
8368
9012
4862
9843
134
4595
6442
8442
5854
5758
9755
6392
9045
1861
6572
2894
3539
5203
6827
6228
6236
2494
6726
8565
9721
7515
4157
1731
3461
534
8598
8933
2402
5191
8451
6646
6797
8459
3232
9914
314
2722
9494
8814
1998
2479
766
7681
2093
3932
6996
3738
8518
4538
4847
7988
4173
3272
5030
461
6580
5724
9544
4624
9499
4335
8406
7686
2978
3404
3290
4261
7319
1422
6010
2124
3504
5109
1547
3861
9929
1789
2693
4465
3245
78
2942
1669
4811
4402
408
7915
4852
6517
9823
7253
1596
63
6434
1994
3233
9794
621
658
8657
7738
8003
2913
8091
1032
6888
8962
9941
7475
860
9697
949
1757
6364
4812
5648
5587
6819
3474
5406
5999
2900
9405
9419
2524
4842
5947
1962
1056
6249
2617
1740
334
180
4096
8235
6203
1236
3036
3333
96
2582
9304
7832
1758
3013
1539
9444
457
3520
7685
2149
9481
4718
5949
336
4872
4841
9611
1491
4050
8302
5500
6842
8065
1768
1742
6297
4240
3656
6719
7358
4163
5038
7846
5211
7666
2320
1458
4779
116
1068
6931
4454
3764
1508
7856
7697
6856
8968
3785
9361
7840
3817
5771
9996
6697
3226
880
5799
1330
9720
6053
6676
9691
4296
8627
7898
8358
9741
8341
2893
7896
9954
7016
849
545
873
467
6488
104
4965
4024
5250
590
6763
9388
7871
14
97
1620
4067
982
3969
651
4637
7936
7664
6211
9467
9987
4470
9181
8693
4815
8265
9860
2532
5044
8687
7601
1825
288
4057
4531
8667
7828
7970
77
7744
1033
3679
1174
9893
7133
7373
1212
1800
1013
3224
99
7889
6016
8849
9035
9326
4372
5830
2104
7057
1411
495
9930
2950
3228
3099
7104
1605
6265
9645
9601
7130
5478
3477
2568
2652
569
4319
8408
1438
9350
5167
5193
454
3248
4146
9307
7440
7793
8589
9969
7361
1125
8510
5843
7777
8315
2874
6275
5931
5967
4803
2192
6527
3927
3938
1160
3140
8371
2990
3028
6230
3921
9473
3047
7446
8749
9117
9423
310
6262
531
9808
4560
8980
4105
123
2061
6251
4838
1412
9595
5832
1248
122
5245
8894
4384
150
6582
1129
3501
2651
4227
9238
3264
2172
6862
2412
3382
6718
7092
523
1743
899
4622
8626
3335
1954
5172
3962
2333
7424
3659
2966
6172
1660
9719
315
3273
3349
576
8973
806
6973
8907
5784
1250
9268
8354
8816
7517
1934
392
1670
7618
306
7705
5863
6477
8335
6346
40
3753
5870
8628
5977
4487
7372
9871
3171
5828
7631
1420
1764
2168
8517
3818
8561
2450
4730
596
4977
9252
3694
8910
5623
6482
2904
891
7553
7633
3725
1674
9188
2038
4437
5051
2716
618
1
6492
565
2380
2481
9483
7442
1516
7943
9433
8177
8270
5419
5683
8971
2561
95
2854
5462
7984
9626
8603
7236
4971
7759
1597
7274
8132
5983
838
4623
1389
5664
5444
7409
3304
3524
5655
1100
8925
4895
7105
2963
3147
4958
4943
3175
4680
1701
3048
1367
9380
9564
3727
2154
9659
5029
4195
1322
3923
7326
4484
1256
9262
5693
4518
3821
1159
9553
284
4412
8339
3102
1653
8096
7605
2936
2531
5639
1969
9266
1772
9409
3574
9456
7295
5651
6437
6790
218
8015
4818
2302
9200
7111
2136
3789
5761
7730
3625
2611
3768
5039
9669
8474
9054
9539
2530
8370
5458
6257
1559
8361
608
9510
6738
7120
1375
6760
1476
7760
2909
5904
7257
8084
9182
1623
3543
2199
224
7101
4326
8062
4865
5018
7281
6448
5725
1300
6484
3267
5900
9883
100
4548
3363
912
3427
1351
5673
1228
6947
673
3152
3709
9219
7359
1104
7825
9529
5836
3702
8461
6259
2274
6611
6328
3546
8272
1040
8948
2681
6362
9123
8174
7729
5145
7961
4139
5071
4905
1242
8397
171
8299
1988
5564
2083
432
9579
6915
2762
9689
5853
3858
9653
1792
3670
3039
6753
7700
2265
1112
2410
8181
8319
6381
2662
9748
7714
1990
8780
4748
519
6634
2390
3831
8357
2439
1884
2147
240
801
4598
714
6507
5165
5821
9185
5083
1188
6493
7901
1671
9
451
8584
6376
8363
2356
4396
6906
9165
9887
9830
7703
1009
1744
2648
9332
8732
7826
9571
419
331
2656
5690
8772
8932
9623
8611
2098
4401
8453
8536
2121
6609
6936
6777
1579
4099
3657
5381
2625
9239
6832
2801
4322
8199
184
4314
4104
9866
9551
7370
4182
5715
7024
7117
1854
4382
3144
1468
2707
9698
7855
179
5449
4984
2345
3920
112
8343
705
8192
803
363
4652
3732
8072
9189
6730
7482
5700
3479
341
9213
2837
8956
2090
74
3723
9050
2392
3314
6589
1268
1915
5809
505
2565
9393
1354
7866
6594
7844
2691
7452
7836
7706
2546
1632
6815
5958
8952
4189
6531
2902
9362
1804
1118
3263
2738
349
5022
9766
7070
2130
1779
4547
2286
6713
2576
5820
1492
9416
7430
8868
88
2511
9258
8293
1640
3058
3370
2644
911
7460
5150
9334
4854
2823
2759
7401
5006
7583
7851
9756
7815
8067
6423
4446
2206
3117
9633
5028
9094
2162
6342
8191
9378
8443
2875
5233
4546
6279
9863
9089
896
7371
530
5099
4920
5736
6821
5890
1939
8311
6841
3842
4931
4207
9622
3716
7378
253
862
6981
9867
8938
7745
9107
3722
8320
4556
8047
7829
7770
4963
3063
7043
2254
5732
6037
9872
301
6479
9936
1532
6332
2763
5116
4294
9891
3326
2331
255
719
6130
3992
5481
2497
5399
5041
725
9882
1888
1554
8630
9235
8038
9712
7538
4613
5081
5136
322
8776
5637
6288
9273
2811
4289
4755
4627
2590
5550
8920
6158
358
1177
6654
1471
2440
6227
2228
4142
1921
4307
5468
4361
6663
9707
888
4925
7445
7762
2337
5782
7184
8456
4725
9495
10
8331
1901
3848
2967
9476
1683
619
8825
8750
6604
8581
71
3015
9716
6428
7181
8274
6586
7252
3372
7885
764
6229
8549
9640
8480
5294
688
9568
1788
4360
4974
5306
6276
5946
932
372
7486
6136
8139
7790
7725
9477
913
9948
5292
7123
8309
8021
538
4486
5123
1084
5569
5431
279
8634
9053
3976
7137
9708
7315
9300
5532
4693
539
1191
93
2838
6094
4766
2462
1158
8967
2336
675
8731
1121
6232
2606
3765
6606
2475
484
8490
7886
6563
4544
6784
9826
6171
5596
998
9412
7006
8403
4861
6513
4270
488
9790
8656
8454
1819
3014
535
8445
8322
6427
7229
2350
4516
6183
4409
9519
6918
7551
3945
555
5535
2932
4767
2827
7185
691
2260
7296
5994
4619
9772
2836
1310
9234
203
3406
2012
3975
7590
2187
6534
8685
1062
1558
7490
1004
7721
9411
9822
9873
1595
9400
5899
951
4641
4060
7195
9612
6166
9962
6023
7863
1404
222
1796
7505
6283
5465
6632
6690
4968
5266
2329
7390
7437
5368
8214
1505
5430
5158
5829
4600
5019
1450
5738
8281
1497
9792
7976
4020
8308
6886
5714
2079
4265
1831
7355
1790
9243
9079
7108
2596
9228
1676
6200
8043
1627
1035
910
7280
161
367
6768
8992
9070
3594
5603
2685
7743
5087
8587
9044
9904
3648
7775
586
5198
9727
5568
79
6325
1436
8166
6837
5951
3255
6551
3760
6711
9805
3200
3100
6388
8520
3077
3635
8570
901
5052
6671
6447
7353
5878
2490
4083
1046
1464
5669
8898
4976
8410
2655
6175
9650
7222
3744
8610
4459
7893
3776
5528
1069
2419
2504
9680
5539
3217
5032
3935
3887
7907
6261
3681
9116
941
6727
947
4663
2580
7131
4606
7159
4629
2221
7103
4844
8048
7138
6549
1570
3390
7942
5772
2281
8025
1891
272
787
9254
6481
9318
5755
2388
3328
5126
2001
83
7235
9877
139
2248
5400
7780
448
114
3990
5807
5144
6964
4046
2542
4642
7497
813
5662
7562
4543
9827
3538
4597
6971
481
492
6948
5397
6622
1291
2096
8578
2335
4238
185
7260
6795
2628
197
2535
1215
7047
4411
9817
1358
7468
1672
5570
9923
7629
1829
2683
2748
5434
5633
7567
6000
8990
5375
7913
7270
1833
1527
7667
9099
6103
772
4333
5382
6720
8684
1802
3473
8378
930
7128
6360
9572
5681
5264
3155
9443
119
9282
1691
8464
8511
2765
4694
6226
442
9530
2238
6278
4121
5063
6546
9410
3432
4011
7753
563
1311
2995
679
4900
1057
2452
4192
8539
5586
6518
3652
6689
741
6353
7999
1342
5706
1675
8944
7817
6526
415
9559
6848
8904
4045
2724
1214
270
3241
923
5723
8447
8524
8763
1703
7880
2236
3017
8316
4016
221
8385
6984
653
9379
6745
3807
5534
6600
7256
2066
1726
2776
9470
9295
765
8862
9348
1299
9370
2558
6620
3840
8242
2381
2562
9201
3526
7771
5722
7425
2523
4736
178
9151
1557
5061
9522
8521
2113
1467
9336
4914
7645
1541
9591
7850
4255
9141
9757
2750
1733
6311
7822
8762
9819
2954
9892
6441
5291
9220
761
7165
8296
5572
4364
9671
6636
3937
1719
1195
4180
4962
6548
7050
8026
8228
2486
7083
8305
5324
1777
6941
1153
6248
2103
7758
7275
1910
6098
5093
1144
7537
2305
9925
4494
2445
3086
5255
7485
2736
9643
4674
1821
8487
3350
3216
3914
1876
44
5254
4705
4315
2023
3139
9363
786
4833
3767
5157
6814
1276
411
9900
7345
1953
8543
8727
2189
5526
6603
1053
2405
1371
2692
8203
4554
9018
6316
4059
3891
953
757
2866
4798
2084
7349
9328
4155
16
9845
4349
2545
1434
3981
903
7539
4168
3624
612
269
3317
3892
4578
4883
2816
9970
8317
1585
307
8663
9155
2805
6277
7934
4047
4823
9004
5330
5475
9128
9946
2663
4721
3061
7627
935
2587
8691
9765
2560
8156
6029
4421
7334
893
6963
208
1290
9289
566
9656
706
6555
7080
3253
3500
3663
7555
8768
2180
399
8918
6708
5768
2863
9343
2604
4112
4584
2974
6798
642
9654
2407
4618
2128
9249
4479
5486
4980
9588
7858
2975
2529
7954
9927
1039
5920
6260
9820
1224
59
7616
287
6893
3445
2114
6920
7830
102
9187
1574
4683
2538
5371
2218
652
8230
5808
458
6440
9009
4599
2688
6699
6656
1642
6188
5256
7473
7862
3419
6405
8438
1027
6088
738
8409
8182
7161
8556
3050
2953
1007
7868
6723
1298
300
7740
570
5914
8417
2673
1752
3508
2365
2769
4985
3136
8998
9513
6105
7014
7783
1655
2270
1982
9975
5950
4910
6537
6403
3853
7535
5119
5741
4179
5868
9150
6350
5552
7502
960
5341
877
5680
8273
7639
37
3243
9788
5618
3582
5927
4381
9991
3527
690
582
248
1165
1604
2146
2694
1385
5546
6231
2081
8886
3899
1839
6830
1407
374
678
9297
4148
6063
5141
9450
8509
5628
1441
163
6187
1222
8679
9342
8700
9479
5314
4596
7845
7956
5221
9537
6445
7853
4902
5990
1843
1018
9965
1816
1152
902
1262
5525
6468
5869
1895
2926
7415
8562
5169
9515
9315
4434
1334
8112
1619
636
3748
1260
3997
8011
9629
365
390
4583
3457
6691
4165
7635
5553
8950
7690
4535
5769
8981
5253
118
4856
7594
3825
7219
1423
1981
3591
7824
9463
280
5574
5794
6164
3819
9435
8818
5479
8051
4492
745
4651
5891
4166
1881
6125
5320
2430
1713
884
2585
9119
1900
8947
4737
9097
6736
908
8588
6972
8833
7541
9031
1571
1453
5527
2921
7310
3079
811
7500
6377
6674
9711
8066
8751
6744
8860
784
4835
8773
8183
6860
2212
2911
3985
7435
9762
9620
515
2395
4295
7589
7687
8970
4425
5893
9029
9013
1535
7389
4944
4043
6008
8264
3545
7935
8865
9103
5770
2397
2263
4864
6131
4116
9831
7459
8602
7362
2670
2591
4851
5627
2155
9076
7255
8044
8059
1207
742
4876
7198
5451
8677
6221
603
2159
4993
7199
9933
8912
9354
3296
5757
7606
9039
778
1439
7429
8224
6220
8413
9798
8017
3075
6189
2022
5276
7354
7157
3177
5189
6717
5208
3425
9292
1610
4374
9824
8198
9581
5142
3900
6933
8964
2844
195
5656
2566
8353
9964
1111
2664
9779
4327
5987
641
5940
5970
6281
4079
737
846
3957
4184
413
305
4682
4170
6013
1885
6147
3089
5235
6120
7842
8726
5735
8508
7478
4017
6459
4589
4258
5573
1615
7923
2483
7239
4713
5943
148
7877
9888
543
1506
3374
5476
8591
7867
6670
2743
2323
3119
3383
7214
2704
6033
2067
7941
48
7340
8939
7531
8966
3685
393
744
3443
6174
6444
9344
6092
4477
3815
2505
4089
2399
2131
3847
9560
8238
2112
9981
7572
2539
5779
26
9100
4359
7444
8843
9032
4987
7489
6452
5739
1437
8745
3719
791
6528
4220
6014
5485
7356
4430
7054
3062
4128
6050
7034
2127
6878
1846
6875
9257
7612
907
8310
4365
6519
1378
9635
6825
6616
6129
726
3510
3080
4801
6343
6968
9406
5352
3091
5097
6840
328
5269
6294
7658
9047
7662
4825
9648
28
5407
9051
609
767
2346
4640
4938
4162
3533
8007
9574
3763
4952
4960
3987
471
2574
7311
2933
2326
5260
5762
7144
6052
3447
4605
8168
9196
1454
6157
2110
9088
6980
319
8347
5989
5558
8880
7957
4786
1126
5959
9924
580
3859
6465
5312
7313
