A.
hash value  chain
----------  -----
0           26->13
1           
2           
3           3->16->29
4           4
5           
6           
7           7->20
8           
9           
10          
11          
12          12->25

B.
hash value  value
----------  -----
0           26
1           25
2           13
3           3
4           16
5           4
6           29
7           7
8           20
9           
10          
11          
12          12

C.
hash value  value
----------  -----
0           26
1           13
2           25
3           3
4           4
5           29
6           
7           7
8           16
9           20
10          
11          
12          12
